7332 20 4
15402 20 0
11458 20 1
17492 20 1
10005 20 3
20999 20 2
14974 20 1
13011 20 3
1452 20 1
1151 20 4
-5313 -1000 1
19022 20 4
-3795 -1000 2
-6270 -1000 0
12133 20 4
8991 20 3
4531 20 4
6385 20 3
-3868 -1000 0
15312 20 0
18218 110 1
19747 110 2
962 110 2
-4701 -1000 4
16851 110 4
11106 110 4
-6502 -1000 2
12555 110 0
-5436 -1000 4
-1429 -1000 2
21275 110 0
12848 110 3
7269 110 3
7409 110 1
7817 110 4
13679 110 2
10996 110 4
-8677 -1000 0
-5573 -1000 1
19416 110 0
15618 200 2
3585 200 4
9244 200 1
22446 200 1
-3084 -1000 3
-4557 -1000 0
22315 200 3
-7958 -1000 3
-7038 -1000 0
-4557 -1000 1
19451 200 3
14776 200 2
-8389 -1000 4
14326 200 2
-1741 -1000 1
-3335 -1000 0
2303 200 1
3174 200 4
17422 200 4
8383 200 4
17284 290 0
-4125 -1000 4
4316 290 3
-4396 -1000 2
-6702 -1000 3
9917 290 0
9088 290 1
1332 290 0
17607 290 4
444 290 4
20464 290 4
15502 290 4
2963 290 0
-1383 -1000 2
-1352 -1000 2
8903 290 0
-7107 -1000 3
8322 290 0
-5768 -1000 0
20343 290 2
-4068 -1000 4
21657 380 0
-7327 -1000 4
2153 380 2
4191 380 1
22133 380 2
8635 380 3
13855 380 1
-378 -1000 2
8352 380 1
4194 380 0
10317 380 0
13543 380 4
5400 380 0
-8635 -1000 3
10841 380 0
10026 380 2
-1585 -1000 0
-8730 -1000 4
-6175 -1000 4
19149 470 0
17706 470 4
13788 470 2
8501 470 1
-4192 -1000 3
14981 470 4
-7852 -1000 4
12249 470 2
-6070 -1000 2
22190 470 1
140 470 2
23300 470 0
706 470 2
3173 470 3
-1706 -1000 4
-988 -1000 1
20695 470 2
20707 470 4
-6245 -1000 2
-3241 -1000 3
