4128 1500 0 1
4113 1500 0 1
4088 1500 0 1
3733 1500 0 1
3598 1500 0 1
3583 1500 0 1
3288 1500 0 1
3198 1500 0 1
3173 1500 0 1
3158 1500 0 1
3073 1500 0 1
3058 1500 0 1
3093 1500 0 1
3128 1500 0 1
3063 1500 0 1
2568 1500 0 1
2553 1500 0 1
2538 1500 0 1
2499 1500 0 1
2478 1500 0 1
1578 1500 0 1
1438 1500 0 1
4058 1500 0 0
4058 0 0 0
4058 0 0 0
4058 0 0 0
4058 0 0 0
4058 0 0 0
4058 0 0 0
4058 0 0 0
4058 0 0 0
4058 0 0 0
4058 0 0 0
4058 0 0 0
4058 0 0 0
4058 0 0 0
4058 0 0 0
4058 0 0 0
4058 0 0 0
4058 0 0 0
4058 0 0 0
4058 0 0 0
4058 0 0 0
4058 0 0 0
4058 0 0 0
4058 0 0 0
4058 0 0 0
4058 0 0 0
4058 0 0 0
4058 0 0 0
4058 0 0 0
4058 0 0 0
4058 0 0 0
4058 0 0 0
4058 0 0 0
4058 0 0 0
4058 0 0 0
4058 0 0 0
4058 0 0 0
4058 0 0 0
4058 0 0 0
4058 0 0 0
4058 0 0 0
4058 0 0 0
4058 0 0 0
4058 0 0 0
4058 0 0 0
4058 0 0 0
4058 0 0 0
4058 0 0 0
4058 0 0 0
4058 0 0 0
4058 0 0 0
4058 0 0 0
4058 0 0 0
4058 0 0 0
4058 0 0 0
4058 0 0 0
4058 0 0 0
4058 0 0 0
4058 0 0 0
4058 0 0 0
4058 0 0 0
4058 0 0 0
4058 0 0 0
4058 0 0 0
4058 0 0 0
4058 0 0 0
4058 0 0 0
4058 0 0 0
4058 0 0 0
4058 0 0 0
4058 0 0 0
4058 0 0 0
4058 0 0 0
4058 0 0 0
4058 0 0 0
4058 0 0 0
4058 0 0 0
4058 0 0 0
4058 0 0 0
4058 0 0 0
4058 0 0 0
4058 0 0 0
4058 0 0 0
4058 0 0 0
4058 0 0 0
4058 0 0 0
4058 0 0 0
4058 0 0 0
4058 0 0 0
4058 0 0 0
4058 0 0 0
4058 0 0 0
4058 0 0 0
4058 0 0 0
4058 0 0 0
4058 0 0 0
4058 0 0 0
4058 0 0 0
4058 0 0 0
4058 0 0 0
4058 0 0 0
4058 0 0 0
4058 0 0 0
4058 0 0 0
4058 0 0 0
4058 0 0 0
4058 0 0 0
4058 0 0 0
4058 0 0 0
4058 0 0 0
4058 0 0 0
4058 0 0 0
4058 0 0 0
4058 0 0 0
4058 0 0 0
4058 0 0 0
4058 0 0 0
4058 0 0 0
4058 0 0 0
4058 0 0 0
4058 0 0 0
4058 0 0 0
4058 0 0 0
4058 0 0 0
4058 0 0 0
4058 0 0 0
4058 0 0 0
4058 0 0 0
4058 0 0 0
4058 0 0 0
4058 0 0 0
4058 0 0 0
4058 0 0 0
4058 0 0 0
4058 0 0 0
4058 0 0 0
4058 0 0 0
4058 0 0 0
4058 0 0 0
4058 0 0 0
4058 0 0 0
4058 0 0 0
4058 0 0 0
4058 0 0 0
4058 0 0 0
4058 0 0 0
4058 0 0 0
4058 0 0 0
4058 0 0 0
4058 0 0 0
4058 0 0 0
4058 0 0 0
4058 0 0 0
4058 0 0 0
4058 0 0 0
4058 0 0 0
4058 0 0 0
4058 0 0 0
4058 0 0 0
4058 0 0 0
4058 0 0 0
4058 0 0 0
4058 0 0 0
4058 0 0 0
4058 0 0 0
4058 0 0 0
4058 0 0 0
4058 0 0 0
4058 0 0 0
4058 0 0 0
4058 0 0 0
4058 0 0 0
4058 0 0 0
4058 0 0 0
4058 0 0 0
4058 0 0 0
4058 0 0 0
4058 0 0 0
4058 0 0 0
4058 0 0 0
4058 0 0 0
4058 0 0 0
4058 0 0 0
4058 0 0 0
4058 0 0 0
4058 0 0 0
4058 0 0 0
4058 0 0 0
4058 0 0 0
4058 0 0 0
4058 0 0 0
4058 0 0 0
4058 0 0 0
4058 0 0 0
4058 0 0 0
4058 0 0 0
4058 0 0 0
4058 0 0 0
4058 0 0 0
4058 0 0 0
4058 0 0 0
4058 0 0 0
4058 0 0 0
4058 0 0 0
4058 0 0 0
4058 0 0 0
4058 0 0 0
4058 0 0 0
4058 0 0 0
4058 0 0 0
4058 0 0 0
4058 0 0 0
4058 0 0 0
4058 0 0 0
4058 0 0 0
4058 0 0 0
4058 0 0 0
4058 0 0 0
4058 0 0 0
4058 0 0 0
4058 0 0 0
4058 0 0 0
4058 0 0 0
4058 0 0 0
4058 0 0 0
4058 0 0 0
4058 0 0 0
4058 0 0 0
4058 0 0 0
4058 0 0 0
4058 0 0 0
4058 0 0 0
4058 0 0 0
4058 0 0 0
4058 0 0 0
4058 0 0 0
4058 0 0 0
4058 0 0 0
4058 0 0 0
4058 0 0 0
4058 0 0 0
4058 0 0 0
4058 0 0 0
4058 0 0 0
4058 0 0 0
4058 0 0 0
4058 0 0 0
4058 0 0 0
4058 0 0 0
4058 0 0 0
4058 0 0 0
4058 0 0 0
4058 0 0 0
4058 0 0 0
4058 0 0 0
4058 0 0 0
4058 0 0 0
4058 0 0 0
4058 0 0 0
4058 0 0 0
4058 0 0 0
4058 0 0 0
4058 0 0 0
4058 0 0 0
4058 0 0 0
4058 0 0 0
4058 0 0 0
4058 0 0 0
4058 0 0 0
4058 0 0 0
4058 0 0 0
4058 0 0 0
4058 0 0 0
4058 0 0 0
4058 0 0 0
4058 0 0 0
4058 0 0 0
4058 0 0 0
4058 0 0 0
4058 0 0 0
4058 0 0 0
4058 0 0 0
4058 0 0 0
4058 0 0 0
4058 0 0 0
4058 0 0 0
4058 0 0 0
4058 0 0 0
4058 0 0 0
4058 0 0 0
4058 0 0 0
4058 0 0 0
4058 0 0 0
4058 0 0 0
4058 0 0 0
4058 0 0 0
4058 0 0 0
4058 0 0 0
4058 0 0 0
4058 0 0 0
4058 0 0 0
4058 0 0 0
4058 0 0 0
4058 0 0 0
4058 0 0 0
4058 0 0 0
4058 0 0 0
4058 0 0 0
4058 0 0 0
4058 0 0 0
4058 0 0 0
4058 0 0 0
4058 0 0 0
4058 0 0 0
4058 0 0 0
4058 0 0 0
4058 0 0 0
4058 0 0 0
4058 0 0 0
4058 0 0 0
4058 0 0 0
4058 0 0 0
4058 0 0 0
4058 0 0 0
4058 0 0 0
4058 0 0 0
4058 0 0 0
4058 0 0 0
4058 0 0 0
4058 0 0 0
4058 0 0 0
4058 0 0 0
4058 0 0 0
4058 0 0 0
4058 0 0 0
4058 0 0 0
4058 0 0 0
4058 0 0 0
4058 0 0 0
4058 0 0 0
4058 0 0 0
4058 0 0 0
4058 0 0 0
4058 0 0 0
4058 0 0 0
4058 0 0 0
4058 0 0 0
4058 0 0 0
4058 0 0 0
4058 0 0 0
4058 0 0 0
4058 0 0 0
4058 0 0 0
4058 0 0 0
4058 0 0 0
4058 0 0 0
4058 0 0 0
4058 0 0 0
4058 0 0 0
4058 0 0 0
4058 0 0 0
4058 0 0 0
4058 0 0 0
4058 0 0 0
4058 0 0 0
4058 0 0 0
4058 0 0 0
4058 0 0 0
4058 0 0 0
4058 0 0 0
4058 0 0 0
4058 0 0 0
4058 0 0 0
4058 0 0 0
4058 0 0 0
4058 0 0 0
4058 0 0 0
4058 0 0 0
4058 0 0 0
4058 0 0 0
4058 0 0 0
4058 0 0 0
4058 0 0 0
4058 0 0 0
4058 0 0 0
4058 0 0 0
4058 0 0 0
4058 0 0 0
4058 0 0 0
4058 0 0 0
4058 0 0 0
4058 0 0 0
4058 0 0 0
4058 0 0 0
4058 0 0 0
4058 0 0 0
4058 0 0 0
4058 0 0 0
4058 0 0 0
4058 0 0 0
4058 0 0 0
4058 0 0 0
4058 0 0 0
4058 0 0 0
4058 0 0 0
4058 0 0 0
4058 0 0 0
4058 0 0 0
4058 0 0 0
4058 0 0 0
4058 0 0 0
4058 0 0 0
4058 0 0 0
4058 0 0 0
4058 0 0 0
4058 0 0 0
4058 0 0 0
4058 0 0 0
4058 0 0 0
4058 0 0 0
4058 0 0 0
4058 0 0 0
4058 0 0 0
4058 0 0 0
4058 0 0 0
4058 0 0 0
4058 0 0 0
4058 0 0 0
4058 0 0 0
4058 0 0 0
4058 0 0 0
4058 0 0 0
4058 0 0 0
4058 0 0 0
4058 0 0 0
4058 0 0 0
4058 0 0 0
4058 0 0 0
4058 0 0 0
4058 0 0 0
4058 0 0 0
4058 0 0 0
4058 0 0 0
4058 0 0 0
4058 0 0 0
4058 0 0 0
4058 0 0 0
4058 0 0 0
4058 0 0 0
4058 0 0 0
4058 0 0 0
4058 0 0 0
4058 0 0 0
4058 0 0 0
4058 0 0 0
4058 0 0 0
4058 0 0 0
4058 0 0 0
4058 0 0 0
4058 0 0 0
4058 0 0 0
4058 0 0 0
4058 0 0 0
4058 0 0 0
4058 0 0 0
4058 0 0 0
4058 0 0 0
4058 0 0 0
4058 0 0 0
4058 0 0 0
4058 0 0 0
4058 0 0 0
4058 0 0 0
4058 0 0 0
4058 0 0 0
4058 0 0 0
4058 0 0 0
4058 0 0 0
4038 1500 0 1
4213 1500 0 1
4258 1500 0 1
4303 1500 0 1
4348 1500 0 1
4393 1500 0 1
4128 1500 0 1
4123 1500 0 1
4103 1500 0 1
3748 1500 0 1
3718 1500 0 1
3568 1500 0 1
3488 1500 0 1
3473 1500 0 1
3373 1500 0 1
3308 1500 0 1
3273 1500 0 1
3213 1500 0 1
3143 1500 0 1
3158 1500 0 1
3138 1500 0 1
2998 1500 0 1
2568 1500 0 1
2440 1500 0 1
2412 1500 0 1
2491 1500 0 1
2407 1500 0 1
1599 1500 0 1
1550 1500 0 1
1459 1500 0 1
1424 1500 0 1
270 110 1 1
230 110 1 1
4058 1500 0 0
4058 0 0 0
4058 0 0 0
4058 0 0 0
4058 0 0 0
4058 0 0 0
4058 0 0 0
4058 0 0 0
4058 0 0 0
4058 0 0 0
4058 0 0 0
4058 0 0 0
4058 0 0 0
4058 0 0 0
4058 0 0 0
4058 0 0 0
4058 0 0 0
4058 0 0 0
4058 0 0 0
4058 0 0 0
4058 0 0 0
4058 0 0 0
4058 0 0 0
4058 0 0 0
4058 0 0 0
4058 0 0 0
4058 0 0 0
4058 0 0 0
4058 0 0 0
4058 0 0 0
4058 0 0 0
4058 0 0 0
4058 0 0 0
4058 0 0 0
4058 0 0 0
4058 0 0 0
4058 0 0 0
4058 0 0 0
4058 0 0 0
4058 0 0 0
4058 0 0 0
4058 0 0 0
4058 0 0 0
4058 0 0 0
4058 0 0 0
4058 0 0 0
4058 0 0 0
4058 0 0 0
4058 0 0 0
4058 0 0 0
4058 0 0 0
4058 0 0 0
4058 0 0 0
4058 0 0 0
4058 0 0 0
4058 0 0 0
4058 0 0 0
4058 0 0 0
4058 0 0 0
4058 0 0 0
4058 0 0 0
4058 0 0 0
4058 0 0 0
4058 0 0 0
4058 0 0 0
4058 0 0 0
4058 0 0 0
4058 0 0 0
4058 0 0 0
4058 0 0 0
4058 0 0 0
4058 0 0 0
4058 0 0 0
4058 0 0 0
4058 0 0 0
4058 0 0 0
4058 0 0 0
4058 0 0 0
4058 0 0 0
4058 0 0 0
4058 0 0 0
4058 0 0 0
4058 0 0 0
4058 0 0 0
4058 0 0 0
4058 0 0 0
4058 0 0 0
4058 0 0 0
4058 0 0 0
4058 0 0 0
4058 0 0 0
4058 0 0 0
4058 0 0 0
4058 0 0 0
4058 0 0 0
4058 0 0 0
4058 0 0 0
4058 0 0 0
4058 0 0 0
4058 0 0 0
4058 0 0 0
4058 0 0 0
4058 0 0 0
4058 0 0 0
4058 0 0 0
4058 0 0 0
4058 0 0 0
4058 0 0 0
4058 0 0 0
4058 0 0 0
4058 0 0 0
4058 0 0 0
4058 0 0 0
4058 0 0 0
4058 0 0 0
4058 0 0 0
4058 0 0 0
4058 0 0 0
4058 0 0 0
4058 0 0 0
4058 0 0 0
4058 0 0 0
4058 0 0 0
4058 0 0 0
4058 0 0 0
4058 0 0 0
4058 0 0 0
4058 0 0 0
4058 0 0 0
4058 0 0 0
4058 0 0 0
4058 0 0 0
4058 0 0 0
4058 0 0 0
4058 0 0 0
4058 0 0 0
4058 0 0 0
4058 0 0 0
4058 0 0 0
4058 0 0 0
4058 0 0 0
4058 0 0 0
4058 0 0 0
4058 0 0 0
4058 0 0 0
4058 0 0 0
4058 0 0 0
4058 0 0 0
4058 0 0 0
4058 0 0 0
4058 0 0 0
4058 0 0 0
4058 0 0 0
4058 0 0 0
4058 0 0 0
4058 0 0 0
4058 0 0 0
4058 0 0 0
4058 0 0 0
4058 0 0 0
4058 0 0 0
4058 0 0 0
4058 0 0 0
4058 0 0 0
4058 0 0 0
4058 0 0 0
4058 0 0 0
4058 0 0 0
4058 0 0 0
4058 0 0 0
4058 0 0 0
4058 0 0 0
4058 0 0 0
4058 0 0 0
4058 0 0 0
4058 0 0 0
4058 0 0 0
4058 0 0 0
4058 0 0 0
4058 0 0 0
4058 0 0 0
4058 0 0 0
4058 0 0 0
4058 0 0 0
4058 0 0 0
4058 0 0 0
4058 0 0 0
4058 0 0 0
4058 0 0 0
4058 0 0 0
4058 0 0 0
4058 0 0 0
4058 0 0 0
4058 0 0 0
4058 0 0 0
4058 0 0 0
4058 0 0 0
4058 0 0 0
4058 0 0 0
4058 0 0 0
4058 0 0 0
4058 0 0 0
4058 0 0 0
4058 0 0 0
4058 0 0 0
4058 0 0 0
4058 0 0 0
4058 0 0 0
4058 0 0 0
4058 0 0 0
4058 0 0 0
4058 0 0 0
4058 0 0 0
4058 0 0 0
4058 0 0 0
4058 0 0 0
4058 0 0 0
4058 0 0 0
4058 0 0 0
4058 0 0 0
4058 0 0 0
4058 0 0 0
4058 0 0 0
4058 0 0 0
4058 0 0 0
4058 0 0 0
4058 0 0 0
4058 0 0 0
4058 0 0 0
4058 0 0 0
4058 0 0 0
4058 0 0 0
4058 0 0 0
4058 0 0 0
4058 0 0 0
4058 0 0 0
4058 0 0 0
4058 0 0 0
4058 0 0 0
4058 0 0 0
4058 0 0 0
4058 0 0 0
4058 0 0 0
4058 0 0 0
4058 0 0 0
4058 0 0 0
4058 0 0 0
4058 0 0 0
4058 0 0 0
4058 0 0 0
4058 0 0 0
4058 0 0 0
4058 0 0 0
4058 0 0 0
4058 0 0 0
4058 0 0 0
4058 0 0 0
4058 0 0 0
4058 0 0 0
4058 0 0 0
4058 0 0 0
4058 0 0 0
4058 0 0 0
4058 0 0 0
4058 0 0 0
4058 0 0 0
4058 0 0 0
4058 0 0 0
4058 0 0 0
4058 0 0 0
4058 0 0 0
4058 0 0 0
4058 0 0 0
4058 0 0 0
4058 0 0 0
4058 0 0 0
4058 0 0 0
4058 0 0 0
4058 0 0 0
4058 0 0 0
4058 0 0 0
4058 0 0 0
4058 0 0 0
4058 0 0 0
4058 0 0 0
4058 0 0 0
4058 0 0 0
4058 0 0 0
4058 0 0 0
4058 0 0 0
4058 0 0 0
4058 0 0 0
4058 0 0 0
4058 0 0 0
4058 0 0 0
4058 0 0 0
4058 0 0 0
4058 0 0 0
4058 0 0 0
4058 0 0 0
4058 0 0 0
4058 0 0 0
4058 0 0 0
4058 0 0 0
4058 0 0 0
4058 0 0 0
4058 0 0 0
4058 0 0 0
4058 0 0 0
4058 0 0 0
4058 0 0 0
4058 0 0 0
4058 0 0 0
4058 0 0 0
4058 0 0 0
4058 0 0 0
4058 0 0 0
4058 0 0 0
4058 0 0 0
4058 0 0 0
4058 0 0 0
4058 0 0 0
4058 0 0 0
4058 0 0 0
4058 0 0 0
4058 0 0 0
4058 0 0 0
4058 0 0 0
4058 0 0 0
4058 0 0 0
4058 0 0 0
4058 0 0 0
4058 0 0 0
4058 0 0 0
4058 0 0 0
4058 0 0 0
4058 0 0 0
4058 0 0 0
4058 0 0 0
4058 0 0 0
4058 0 0 0
4058 0 0 0
4058 0 0 0
4058 0 0 0
4058 0 0 0
4058 0 0 0
4058 0 0 0
4058 0 0 0
4058 0 0 0
4058 0 0 0
4058 0 0 0
4058 0 0 0
4058 0 0 0
4058 0 0 0
4058 0 0 0
4058 0 0 0
4058 0 0 0
4058 0 0 0
4058 0 0 0
4058 0 0 0
4058 0 0 0
4058 0 0 0
4058 0 0 0
4058 0 0 0
4058 0 0 0
4058 0 0 0
4058 0 0 0
4058 0 0 0
4058 0 0 0
4058 0 0 0
4058 0 0 0
4058 0 0 0
4058 0 0 0
4058 0 0 0
4058 0 0 0
4058 0 0 0
4058 0 0 0
4058 0 0 0
4058 0 0 0
4058 0 0 0
4058 0 0 0
4058 0 0 0
4058 0 0 0
4058 0 0 0
4058 0 0 0
4058 0 0 0
4058 0 0 0
4058 0 0 0
4058 0 0 0
4058 0 0 0
4058 0 0 0
4058 0 0 0
4058 0 0 0
4058 0 0 0
4058 0 0 0
4058 0 0 0
4058 0 0 0
4058 0 0 0
4058 0 0 0
4058 0 0 0
4058 0 0 0
4058 0 0 0
4058 0 0 0
4058 0 0 0
4058 0 0 0
4058 0 0 0
4058 0 0 0
4058 0 0 0
4058 0 0 0
4058 0 0 0
4058 0 0 0
4058 0 0 0
4058 0 0 0
4058 0 0 0
4058 0 0 0
4058 0 0 0
4058 0 0 0
4058 0 0 0
4058 0 0 0
4058 0 0 0
4058 0 0 0
4058 0 0 0
4058 0 0 0
4058 0 0 0
4058 0 0 0
4058 0 0 0
4058 0 0 0
4058 0 0 0
4058 0 0 0
4058 0 0 0
4058 0 0 0
4058 0 0 0
4058 0 0 0
4058 0 0 0
4058 0 0 0
4058 0 0 0
4058 0 0 0
4058 0 0 0
4058 0 0 0
4058 0 0 0
4058 0 0 0
4058 0 0 0
4058 0 0 0
4058 0 0 0
4058 0 0 0
4058 0 0 0
4058 0 0 0
4058 0 0 0
4058 0 0 0
4058 0 0 0
4058 0 0 0
4058 0 0 0
4058 0 0 0
4058 0 0 0
4058 0 0 0
4058 0 0 0
4058 0 0 0
4058 0 0 0
4058 0 0 0
4058 0 0 0
4058 0 0 0
4058 0 0 0
4058 0 0 0
4058 0 0 0
4058 0 0 0
4058 0 0 0
4058 0 0 0
4028 1500 0 1
4173 1500 0 1
4168 1500 0 1
4383 1500 0 1
4328 1500 0 1
4323 1500 0 1
4133 1500 0 1
3768 1500 0 1
3703 1500 0 1
3613 1500 0 1
3553 1500 0 1
3528 1500 0 1
3563 1500 0 1
3598 1500 0 1
3578 1500 0 1
3558 1500 0 1
3393 1500 0 1
3258 1500 0 1
2933 1500 0 1
2583 1500 0 1
2553 1500 0 1
2461 1500 0 1
2336 1500 0 1
2161 1500 0 1
2133 1500 0 1
2162 1500 0 1
2191 1500 0 1
1529 1500 0 1
1410 1500 0 1
1270 1500 0 1
1299 1500 0 1
1278 1500 0 1
310 200 1 1
4058 1500 0 0
4058 0 0 0
4058 0 0 0
4058 0 0 0
4058 0 0 0
4058 0 0 0
4058 0 0 0
4058 0 0 0
4058 0 0 0
4058 0 0 0
4058 0 0 0
4058 0 0 0
4058 0 0 0
4058 0 0 0
4058 0 0 0
4058 0 0 0
4058 0 0 0
4058 0 0 0
4058 0 0 0
4058 0 0 0
4058 0 0 0
4058 0 0 0
4058 0 0 0
4058 0 0 0
4058 0 0 0
4058 0 0 0
4058 0 0 0
4058 0 0 0
4058 0 0 0
4058 0 0 0
4058 0 0 0
4058 0 0 0
4058 0 0 0
4058 0 0 0
4058 0 0 0
4058 0 0 0
4058 0 0 0
4058 0 0 0
4058 0 0 0
4058 0 0 0
4058 0 0 0
4058 0 0 0
4058 0 0 0
4058 0 0 0
4058 0 0 0
4058 0 0 0
4058 0 0 0
4058 0 0 0
4058 0 0 0
4058 0 0 0
4058 0 0 0
4058 0 0 0
4058 0 0 0
4058 0 0 0
4058 0 0 0
4058 0 0 0
4058 0 0 0
4058 0 0 0
4058 0 0 0
4058 0 0 0
4058 0 0 0
4058 0 0 0
4058 0 0 0
4058 0 0 0
4058 0 0 0
4058 0 0 0
4058 0 0 0
4058 0 0 0
4058 0 0 0
4058 0 0 0
4058 0 0 0
4058 0 0 0
4058 0 0 0
4058 0 0 0
4058 0 0 0
4058 0 0 0
4058 0 0 0
4058 0 0 0
4058 0 0 0
4058 0 0 0
4058 0 0 0
4058 0 0 0
4058 0 0 0
4058 0 0 0
4058 0 0 0
4058 0 0 0
4058 0 0 0
4058 0 0 0
4058 0 0 0
4058 0 0 0
4058 0 0 0
4058 0 0 0
4058 0 0 0
4058 0 0 0
4058 0 0 0
4058 0 0 0
4058 0 0 0
4058 0 0 0
4058 0 0 0
4058 0 0 0
4058 0 0 0
4058 0 0 0
4058 0 0 0
4058 0 0 0
4058 0 0 0
4058 0 0 0
4058 0 0 0
4058 0 0 0
4058 0 0 0
4058 0 0 0
4058 0 0 0
4058 0 0 0
4058 0 0 0
4058 0 0 0
4058 0 0 0
4058 0 0 0
4058 0 0 0
4058 0 0 0
4058 0 0 0
4058 0 0 0
4058 0 0 0
4058 0 0 0
4058 0 0 0
4058 0 0 0
4058 0 0 0
4058 0 0 0
4058 0 0 0
4058 0 0 0
4058 0 0 0
4058 0 0 0
4058 0 0 0
4058 0 0 0
4058 0 0 0
4058 0 0 0
4058 0 0 0
4058 0 0 0
4058 0 0 0
4058 0 0 0
4058 0 0 0
4058 0 0 0
4058 0 0 0
4058 0 0 0
4058 0 0 0
4058 0 0 0
4058 0 0 0
4058 0 0 0
4058 0 0 0
4058 0 0 0
4058 0 0 0
4058 0 0 0
4058 0 0 0
4058 0 0 0
4058 0 0 0
4058 0 0 0
4058 0 0 0
4058 0 0 0
4058 0 0 0
4058 0 0 0
4058 0 0 0
4058 0 0 0
4058 0 0 0
4058 0 0 0
4058 0 0 0
4058 0 0 0
4058 0 0 0
4058 0 0 0
4058 0 0 0
4058 0 0 0
4058 0 0 0
4058 0 0 0
4058 0 0 0
4058 0 0 0
4058 0 0 0
4058 0 0 0
4058 0 0 0
4058 0 0 0
4058 0 0 0
4058 0 0 0
4058 0 0 0
4058 0 0 0
4058 0 0 0
4058 0 0 0
4058 0 0 0
4058 0 0 0
4058 0 0 0
4058 0 0 0
4058 0 0 0
4058 0 0 0
4058 0 0 0
4058 0 0 0
4058 0 0 0
4058 0 0 0
4058 0 0 0
4058 0 0 0
4058 0 0 0
4058 0 0 0
4058 0 0 0
4058 0 0 0
4058 0 0 0
4058 0 0 0
4058 0 0 0
4058 0 0 0
4058 0 0 0
4058 0 0 0
4058 0 0 0
4058 0 0 0
4058 0 0 0
4058 0 0 0
4058 0 0 0
4058 0 0 0
4058 0 0 0
4058 0 0 0
4058 0 0 0
4058 0 0 0
4058 0 0 0
4058 0 0 0
4058 0 0 0
4058 0 0 0
4058 0 0 0
4058 0 0 0
4058 0 0 0
4058 0 0 0
4058 0 0 0
4058 0 0 0
4058 0 0 0
4058 0 0 0
4058 0 0 0
4058 0 0 0
4058 0 0 0
4058 0 0 0
4058 0 0 0
4058 0 0 0
4058 0 0 0
4058 0 0 0
4058 0 0 0
4058 0 0 0
4058 0 0 0
4058 0 0 0
4058 0 0 0
4058 0 0 0
4058 0 0 0
4058 0 0 0
4058 0 0 0
4058 0 0 0
4058 0 0 0
4058 0 0 0
4058 0 0 0
4058 0 0 0
4058 0 0 0
4058 0 0 0
4058 0 0 0
4058 0 0 0
4058 0 0 0
4058 0 0 0
4058 0 0 0
4058 0 0 0
4058 0 0 0
4058 0 0 0
4058 0 0 0
4058 0 0 0
4058 0 0 0
4058 0 0 0
4058 0 0 0
4058 0 0 0
4058 0 0 0
4058 0 0 0
4058 0 0 0
4058 0 0 0
4058 0 0 0
4058 0 0 0
4058 0 0 0
4058 0 0 0
4058 0 0 0
4058 0 0 0
4058 0 0 0
4058 0 0 0
4058 0 0 0
4058 0 0 0
4058 0 0 0
4058 0 0 0
4058 0 0 0
4058 0 0 0
4058 0 0 0
4058 0 0 0
4058 0 0 0
4058 0 0 0
4058 0 0 0
4058 0 0 0
4058 0 0 0
4058 0 0 0
4058 0 0 0
4058 0 0 0
4058 0 0 0
4058 0 0 0
4058 0 0 0
4058 0 0 0
4058 0 0 0
4058 0 0 0
4058 0 0 0
4058 0 0 0
4058 0 0 0
4058 0 0 0
4058 0 0 0
4058 0 0 0
4058 0 0 0
4058 0 0 0
4058 0 0 0
4058 0 0 0
4058 0 0 0
4058 0 0 0
4058 0 0 0
4058 0 0 0
4058 0 0 0
4058 0 0 0
4058 0 0 0
4058 0 0 0
4058 0 0 0
4058 0 0 0
4058 0 0 0
4058 0 0 0
4058 0 0 0
4058 0 0 0
4058 0 0 0
4058 0 0 0
4058 0 0 0
4058 0 0 0
4058 0 0 0
4058 0 0 0
4058 0 0 0
4058 0 0 0
4058 0 0 0
4058 0 0 0
4058 0 0 0
4058 0 0 0
4058 0 0 0
4058 0 0 0
4058 0 0 0
4058 0 0 0
4058 0 0 0
4058 0 0 0
4058 0 0 0
4058 0 0 0
4058 0 0 0
4058 0 0 0
4058 0 0 0
4058 0 0 0
4058 0 0 0
4058 0 0 0
4058 0 0 0
4058 0 0 0
4058 0 0 0
4058 0 0 0
4058 0 0 0
4058 0 0 0
4058 0 0 0
4058 0 0 0
4058 0 0 0
4058 0 0 0
4058 0 0 0
4058 0 0 0
4058 0 0 0
4058 0 0 0
4058 0 0 0
4058 0 0 0
4058 0 0 0
4058 0 0 0
4058 0 0 0
4058 0 0 0
4058 0 0 0
4058 0 0 0
4058 0 0 0
4058 0 0 0
4058 0 0 0
4058 0 0 0
4058 0 0 0
4058 0 0 0
4058 0 0 0
4058 0 0 0
4058 0 0 0
4058 0 0 0
4058 0 0 0
4058 0 0 0
4058 0 0 0
4058 0 0 0
4058 0 0 0
4058 0 0 0
4058 0 0 0
4058 0 0 0
4058 0 0 0
4058 0 0 0
4058 0 0 0
4058 0 0 0
4058 0 0 0
4058 0 0 0
4058 0 0 0
4058 0 0 0
4058 0 0 0
4058 0 0 0
4058 0 0 0
4058 0 0 0
4058 0 0 0
4058 0 0 0
4058 0 0 0
4058 0 0 0
4058 0 0 0
4058 0 0 0
4058 0 0 0
4058 0 0 0
4058 0 0 0
4058 0 0 0
4058 0 0 0
4058 0 0 0
4058 0 0 0
4058 0 0 0
4058 0 0 0
4058 0 0 0
4058 0 0 0
4058 0 0 0
4058 0 0 0
4058 0 0 0
4058 0 0 0
4058 0 0 0
4058 0 0 0
4058 0 0 0
4058 0 0 0
4058 0 0 0
4058 0 0 0
4058 0 0 0
4058 0 0 0
4058 0 0 0
4058 0 0 0
4058 0 0 0
4058 0 0 0
4058 0 0 0
4058 0 0 0
4058 0 0 0
4058 0 0 0
4058 0 0 0
4058 0 0 0
4058 0 0 0
4058 0 0 0
4058 0 0 0
4058 0 0 0
4058 0 0 0
4058 0 0 0
4058 0 0 0
4058 0 0 0
4058 0 0 0
4058 0 0 0
4058 0 0 0
4058 0 0 0
4058 0 0 0
4058 0 0 0
4058 0 0 0
4058 0 0 0
4058 0 0 0
4058 0 0 0
4058 0 0 0
4058 0 0 0
4058 0 0 0
4058 0 0 0
4058 0 0 0
4058 0 0 0
4058 0 0 0
4058 0 0 0
4058 0 0 0
4058 0 0 0
4043 1500 0 1
4023 1500 0 1
4068 1500 0 1
4128 1500 0 1
4318 1500 0 1
4138 1500 0 1
4033 1500 0 1
3833 1500 0 1
3688 1500 0 1
3628 1500 0 1
3498 1500 0 1
3228 1500 0 1
3128 1500 0 1
3178 1500 0 1
3198 1500 0 1
3183 1500 0 1
2868 1500 0 1
2688 1500 0 1
2673 1500 0 1
2528 1500 0 1
2478 1500 0 1
2265 1500 0 1
2132 1500 0 1
2070 1500 0 1
1958 1500 0 1
1994 1500 0 1
1973 1500 0 1
1620 1500 0 1
1515 1500 0 1
1473 1500 0 1
1382 1500 0 1
1291 1500 0 1
1257 1500 0 1
1186 1500 0 1
954 290 0 1
650 290 1 1
620 290 1 1
470 290 1 1
340 290 1 1
200 290 1 1
4058 1500 0 0
4058 0 0 0
4058 0 0 0
4058 0 0 0
4058 0 0 0
4058 0 0 0
4058 0 0 0
4058 0 0 0
4058 0 0 0
4058 0 0 0
4058 0 0 0
4058 0 0 0
4058 0 0 0
4058 0 0 0
4058 0 0 0
4058 0 0 0
4058 0 0 0
4058 0 0 0
4058 0 0 0
4058 0 0 0
4058 0 0 0
4058 0 0 0
4058 0 0 0
4058 0 0 0
4058 0 0 0
4058 0 0 0
4058 0 0 0
4058 0 0 0
4058 0 0 0
4058 0 0 0
4058 0 0 0
4058 0 0 0
4058 0 0 0
4058 0 0 0
4058 0 0 0
4058 0 0 0
4058 0 0 0
4058 0 0 0
4058 0 0 0
4058 0 0 0
4058 0 0 0
4058 0 0 0
4058 0 0 0
4058 0 0 0
4058 0 0 0
4058 0 0 0
4058 0 0 0
4058 0 0 0
4058 0 0 0
4058 0 0 0
4058 0 0 0
4058 0 0 0
4058 0 0 0
4058 0 0 0
4058 0 0 0
4058 0 0 0
4058 0 0 0
4058 0 0 0
4058 0 0 0
4058 0 0 0
4058 0 0 0
4058 0 0 0
4058 0 0 0
4058 0 0 0
4058 0 0 0
4058 0 0 0
4058 0 0 0
4058 0 0 0
4058 0 0 0
4058 0 0 0
4058 0 0 0
4058 0 0 0
4058 0 0 0
4058 0 0 0
4058 0 0 0
4058 0 0 0
4058 0 0 0
4058 0 0 0
4058 0 0 0
4058 0 0 0
4058 0 0 0
4058 0 0 0
4058 0 0 0
4058 0 0 0
4058 0 0 0
4058 0 0 0
4058 0 0 0
4058 0 0 0
4058 0 0 0
4058 0 0 0
4058 0 0 0
4058 0 0 0
4058 0 0 0
4058 0 0 0
4058 0 0 0
4058 0 0 0
4058 0 0 0
4058 0 0 0
4058 0 0 0
4058 0 0 0
4058 0 0 0
4058 0 0 0
4058 0 0 0
4058 0 0 0
4058 0 0 0
4058 0 0 0
4058 0 0 0
4058 0 0 0
4058 0 0 0
4058 0 0 0
4058 0 0 0
4058 0 0 0
4058 0 0 0
4058 0 0 0
4058 0 0 0
4058 0 0 0
4058 0 0 0
4058 0 0 0
4058 0 0 0
4058 0 0 0
4058 0 0 0
4058 0 0 0
4058 0 0 0
4058 0 0 0
4058 0 0 0
4058 0 0 0
4058 0 0 0
4058 0 0 0
4058 0 0 0
4058 0 0 0
4058 0 0 0
4058 0 0 0
4058 0 0 0
4058 0 0 0
4058 0 0 0
4058 0 0 0
4058 0 0 0
4058 0 0 0
4058 0 0 0
4058 0 0 0
4058 0 0 0
4058 0 0 0
4058 0 0 0
4058 0 0 0
4058 0 0 0
4058 0 0 0
4058 0 0 0
4058 0 0 0
4058 0 0 0
4058 0 0 0
4058 0 0 0
4058 0 0 0
4058 0 0 0
4058 0 0 0
4058 0 0 0
4058 0 0 0
4058 0 0 0
4058 0 0 0
4058 0 0 0
4058 0 0 0
4058 0 0 0
4058 0 0 0
4058 0 0 0
4058 0 0 0
4058 0 0 0
4058 0 0 0
4058 0 0 0
4058 0 0 0
4058 0 0 0
4058 0 0 0
4058 0 0 0
4058 0 0 0
4058 0 0 0
4058 0 0 0
4058 0 0 0
4058 0 0 0
4058 0 0 0
4058 0 0 0
4058 0 0 0
4058 0 0 0
4058 0 0 0
4058 0 0 0
4058 0 0 0
4058 0 0 0
4058 0 0 0
4058 0 0 0
4058 0 0 0
4058 0 0 0
4058 0 0 0
4058 0 0 0
4058 0 0 0
4058 0 0 0
4058 0 0 0
4058 0 0 0
4058 0 0 0
4058 0 0 0
4058 0 0 0
4058 0 0 0
4058 0 0 0
4058 0 0 0
4058 0 0 0
4058 0 0 0
4058 0 0 0
4058 0 0 0
4058 0 0 0
4058 0 0 0
4058 0 0 0
4058 0 0 0
4058 0 0 0
4058 0 0 0
4058 0 0 0
4058 0 0 0
4058 0 0 0
4058 0 0 0
4058 0 0 0
4058 0 0 0
4058 0 0 0
4058 0 0 0
4058 0 0 0
4058 0 0 0
4058 0 0 0
4058 0 0 0
4058 0 0 0
4058 0 0 0
4058 0 0 0
4058 0 0 0
4058 0 0 0
4058 0 0 0
4058 0 0 0
4058 0 0 0
4058 0 0 0
4058 0 0 0
4058 0 0 0
4058 0 0 0
4058 0 0 0
4058 0 0 0
4058 0 0 0
4058 0 0 0
4058 0 0 0
4058 0 0 0
4058 0 0 0
4058 0 0 0
4058 0 0 0
4058 0 0 0
4058 0 0 0
4058 0 0 0
4058 0 0 0
4058 0 0 0
4058 0 0 0
4058 0 0 0
4058 0 0 0
4058 0 0 0
4058 0 0 0
4058 0 0 0
4058 0 0 0
4058 0 0 0
4058 0 0 0
4058 0 0 0
4058 0 0 0
4058 0 0 0
4058 0 0 0
4058 0 0 0
4058 0 0 0
4058 0 0 0
4058 0 0 0
4058 0 0 0
4058 0 0 0
4058 0 0 0
4058 0 0 0
4058 0 0 0
4058 0 0 0
4058 0 0 0
4058 0 0 0
4058 0 0 0
4058 0 0 0
4058 0 0 0
4058 0 0 0
4058 0 0 0
4058 0 0 0
4058 0 0 0
4058 0 0 0
4058 0 0 0
4058 0 0 0
4058 0 0 0
4058 0 0 0
4058 0 0 0
4058 0 0 0
4058 0 0 0
4058 0 0 0
4058 0 0 0
4058 0 0 0
4058 0 0 0
4058 0 0 0
4058 0 0 0
4058 0 0 0
4058 0 0 0
4058 0 0 0
4058 0 0 0
4058 0 0 0
4058 0 0 0
4058 0 0 0
4058 0 0 0
4058 0 0 0
4058 0 0 0
4058 0 0 0
4058 0 0 0
4058 0 0 0
4058 0 0 0
4058 0 0 0
4058 0 0 0
4058 0 0 0
4058 0 0 0
4058 0 0 0
4058 0 0 0
4058 0 0 0
4058 0 0 0
4058 0 0 0
4058 0 0 0
4058 0 0 0
4058 0 0 0
4058 0 0 0
4058 0 0 0
4058 0 0 0
4058 0 0 0
4058 0 0 0
4058 0 0 0
4058 0 0 0
4058 0 0 0
4058 0 0 0
4058 0 0 0
4058 0 0 0
4058 0 0 0
4058 0 0 0
4058 0 0 0
4058 0 0 0
4058 0 0 0
4058 0 0 0
4058 0 0 0
4058 0 0 0
4058 0 0 0
4058 0 0 0
4058 0 0 0
4058 0 0 0
4058 0 0 0
4058 0 0 0
4058 0 0 0
4058 0 0 0
4058 0 0 0
4058 0 0 0
4058 0 0 0
4058 0 0 0
4058 0 0 0
4058 0 0 0
4058 0 0 0
4058 0 0 0
4058 0 0 0
4058 0 0 0
4058 0 0 0
4058 0 0 0
4058 0 0 0
4058 0 0 0
4058 0 0 0
4058 0 0 0
4058 0 0 0
4058 0 0 0
4058 0 0 0
4058 0 0 0
4058 0 0 0
4058 0 0 0
4058 0 0 0
4058 0 0 0
4058 0 0 0
4058 0 0 0
4058 0 0 0
4058 0 0 0
4058 0 0 0
4058 0 0 0
4058 0 0 0
4058 0 0 0
4058 0 0 0
4058 0 0 0
4058 0 0 0
4058 0 0 0
4058 0 0 0
4058 0 0 0
4058 0 0 0
4058 0 0 0
4058 0 0 0
4058 0 0 0
4058 0 0 0
4058 0 0 0
4058 0 0 0
4058 0 0 0
4058 0 0 0
4058 0 0 0
4058 0 0 0
4058 0 0 0
4058 0 0 0
4058 0 0 0
4058 0 0 0
4058 0 0 0
4058 0 0 0
4058 0 0 0
4058 0 0 0
4058 0 0 0
4058 0 0 0
4058 0 0 0
4058 0 0 0
4058 0 0 0
4058 0 0 0
4058 0 0 0
4058 0 0 0
4058 0 0 0
4058 0 0 0
4058 0 0 0
4058 0 0 0
4058 0 0 0
4058 0 0 0
4058 0 0 0
4058 0 0 0
4058 0 0 0
4058 0 0 0
4058 0 0 0
4058 0 0 0
4058 0 0 0
4058 0 0 0
4058 0 0 0
4058 0 0 0
4058 0 0 0
4058 0 0 0
4058 0 0 0
4058 0 0 0
4058 0 0 0
4058 0 0 0
4058 0 0 0
4058 0 0 0
4058 0 0 0
4058 0 0 0
4058 0 0 0
4058 0 0 0
4058 0 0 0
4058 0 0 0
4058 0 0 0
4058 0 0 0
4058 0 0 0
4058 0 0 0
4058 0 0 0
4058 0 0 0
4058 0 0 0
4058 0 0 0
4058 0 0 0
4058 0 0 0
4058 0 0 0
4058 0 0 0
4058 0 0 0
4058 0 0 0
4058 0 0 0
4058 0 0 0
4058 0 0 0
4058 0 0 0
4063 1500 0 1
4058 1500 0 1
4133 1500 0 1
4263 1500 0 1
4208 1500 0 1
4203 1500 0 1
4018 1500 0 1
3918 1500 0 1
3903 1500 0 1
3678 1500 0 1
3538 1500 0 1
3508 1500 0 1
3238 1500 0 1
3158 1500 0 1
3193 1500 0 1
2853 1500 0 1
2758 1500 0 1
2658 1500 0 1
2244 1500 0 1
2230 1500 0 1
2209 1500 0 1
2188 1500 0 1
2160 1500 0 1
2146 1500 0 1
1999 1500 0 1
1936 1500 0 1
1747 1500 0 1
1676 1500 0 1
1655 1500 0 1
1641 1500 0 1
1494 1500 0 1
1347 1500 0 1
1312 1500 0 1
1109 1500 0 1
1088 1500 0 1
975 1500 0 1
933 1500 0 1
815 1500 1 1
630 1500 1 1
600 380 1 1
560 380 1 1
370 380 1 1
4058 1500 0 0
4058 0 0 0
4058 0 0 0
4058 0 0 0
4058 0 0 0
4058 0 0 0
4058 0 0 0
4058 0 0 0
4058 0 0 0
4058 0 0 0
4058 0 0 0
4058 0 0 0
4058 0 0 0
4058 0 0 0
4058 0 0 0
4058 0 0 0
4058 0 0 0
4058 0 0 0
4058 0 0 0
4058 0 0 0
4058 0 0 0
4058 0 0 0
4058 0 0 0
4058 0 0 0
4058 0 0 0
4058 0 0 0
4058 0 0 0
4058 0 0 0
4058 0 0 0
4058 0 0 0
4058 0 0 0
4058 0 0 0
4058 0 0 0
4058 0 0 0
4058 0 0 0
4058 0 0 0
4058 0 0 0
4058 0 0 0
4058 0 0 0
4058 0 0 0
4058 0 0 0
4058 0 0 0
4058 0 0 0
4058 0 0 0
4058 0 0 0
4058 0 0 0
4058 0 0 0
4058 0 0 0
4058 0 0 0
4058 0 0 0
4058 0 0 0
4058 0 0 0
4058 0 0 0
4058 0 0 0
4058 0 0 0
4058 0 0 0
4058 0 0 0
4058 0 0 0
4058 0 0 0
4058 0 0 0
4058 0 0 0
4058 0 0 0
4058 0 0 0
4058 0 0 0
4058 0 0 0
4058 0 0 0
4058 0 0 0
4058 0 0 0
4058 0 0 0
4058 0 0 0
4058 0 0 0
4058 0 0 0
4058 0 0 0
4058 0 0 0
4058 0 0 0
4058 0 0 0
4058 0 0 0
4058 0 0 0
4058 0 0 0
4058 0 0 0
4058 0 0 0
4058 0 0 0
4058 0 0 0
4058 0 0 0
4058 0 0 0
4058 0 0 0
4058 0 0 0
4058 0 0 0
4058 0 0 0
4058 0 0 0
4058 0 0 0
4058 0 0 0
4058 0 0 0
4058 0 0 0
4058 0 0 0
4058 0 0 0
4058 0 0 0
4058 0 0 0
4058 0 0 0
4058 0 0 0
4058 0 0 0
4058 0 0 0
4058 0 0 0
4058 0 0 0
4058 0 0 0
4058 0 0 0
4058 0 0 0
4058 0 0 0
4058 0 0 0
4058 0 0 0
4058 0 0 0
4058 0 0 0
4058 0 0 0
4058 0 0 0
4058 0 0 0
4058 0 0 0
4058 0 0 0
4058 0 0 0
4058 0 0 0
4058 0 0 0
4058 0 0 0
4058 0 0 0
4058 0 0 0
4058 0 0 0
4058 0 0 0
4058 0 0 0
4058 0 0 0
4058 0 0 0
4058 0 0 0
4058 0 0 0
4058 0 0 0
4058 0 0 0
4058 0 0 0
4058 0 0 0
4058 0 0 0
4058 0 0 0
4058 0 0 0
4058 0 0 0
4058 0 0 0
4058 0 0 0
4058 0 0 0
4058 0 0 0
4058 0 0 0
4058 0 0 0
4058 0 0 0
4058 0 0 0
4058 0 0 0
4058 0 0 0
4058 0 0 0
4058 0 0 0
4058 0 0 0
4058 0 0 0
4058 0 0 0
4058 0 0 0
4058 0 0 0
4058 0 0 0
4058 0 0 0
4058 0 0 0
4058 0 0 0
4058 0 0 0
4058 0 0 0
4058 0 0 0
4058 0 0 0
4058 0 0 0
4058 0 0 0
4058 0 0 0
4058 0 0 0
4058 0 0 0
4058 0 0 0
4058 0 0 0
4058 0 0 0
4058 0 0 0
4058 0 0 0
4058 0 0 0
4058 0 0 0
4058 0 0 0
4058 0 0 0
4058 0 0 0
4058 0 0 0
4058 0 0 0
4058 0 0 0
4058 0 0 0
4058 0 0 0
4058 0 0 0
4058 0 0 0
4058 0 0 0
4058 0 0 0
4058 0 0 0
4058 0 0 0
4058 0 0 0
4058 0 0 0
4058 0 0 0
4058 0 0 0
4058 0 0 0
4058 0 0 0
4058 0 0 0
4058 0 0 0
4058 0 0 0
4058 0 0 0
4058 0 0 0
4058 0 0 0
4058 0 0 0
4058 0 0 0
4058 0 0 0
4058 0 0 0
4058 0 0 0
4058 0 0 0
4058 0 0 0
4058 0 0 0
4058 0 0 0
4058 0 0 0
4058 0 0 0
4058 0 0 0
4058 0 0 0
4058 0 0 0
4058 0 0 0
4058 0 0 0
4058 0 0 0
4058 0 0 0
4058 0 0 0
4058 0 0 0
4058 0 0 0
4058 0 0 0
4058 0 0 0
4058 0 0 0
4058 0 0 0
4058 0 0 0
4058 0 0 0
4058 0 0 0
4058 0 0 0
4058 0 0 0
4058 0 0 0
4058 0 0 0
4058 0 0 0
4058 0 0 0
4058 0 0 0
4058 0 0 0
4058 0 0 0
4058 0 0 0
4058 0 0 0
4058 0 0 0
4058 0 0 0
4058 0 0 0
4058 0 0 0
4058 0 0 0
4058 0 0 0
4058 0 0 0
4058 0 0 0
4058 0 0 0
4058 0 0 0
4058 0 0 0
4058 0 0 0
4058 0 0 0
4058 0 0 0
4058 0 0 0
4058 0 0 0
4058 0 0 0
4058 0 0 0
4058 0 0 0
4058 0 0 0
4058 0 0 0
4058 0 0 0
4058 0 0 0
4058 0 0 0
4058 0 0 0
4058 0 0 0
4058 0 0 0
4058 0 0 0
4058 0 0 0
4058 0 0 0
4058 0 0 0
4058 0 0 0
4058 0 0 0
4058 0 0 0
4058 0 0 0
4058 0 0 0
4058 0 0 0
4058 0 0 0
4058 0 0 0
4058 0 0 0
4058 0 0 0
4058 0 0 0
4058 0 0 0
4058 0 0 0
4058 0 0 0
4058 0 0 0
4058 0 0 0
4058 0 0 0
4058 0 0 0
4058 0 0 0
4058 0 0 0
4058 0 0 0
4058 0 0 0
4058 0 0 0
4058 0 0 0
4058 0 0 0
4058 0 0 0
4058 0 0 0
4058 0 0 0
4058 0 0 0
4058 0 0 0
4058 0 0 0
4058 0 0 0
4058 0 0 0
4058 0 0 0
4058 0 0 0
4058 0 0 0
4058 0 0 0
4058 0 0 0
4058 0 0 0
4058 0 0 0
4058 0 0 0
4058 0 0 0
4058 0 0 0
4058 0 0 0
4058 0 0 0
4058 0 0 0
4058 0 0 0
4058 0 0 0
4058 0 0 0
4058 0 0 0
4058 0 0 0
4058 0 0 0
4058 0 0 0
4058 0 0 0
4058 0 0 0
4058 0 0 0
4058 0 0 0
4058 0 0 0
4058 0 0 0
4058 0 0 0
4058 0 0 0
4058 0 0 0
4058 0 0 0
4058 0 0 0
4058 0 0 0
4058 0 0 0
4058 0 0 0
4058 0 0 0
4058 0 0 0
4058 0 0 0
4058 0 0 0
4058 0 0 0
4058 0 0 0
4058 0 0 0
4058 0 0 0
4058 0 0 0
4058 0 0 0
4058 0 0 0
4058 0 0 0
4058 0 0 0
4058 0 0 0
4058 0 0 0
4058 0 0 0
4058 0 0 0
4058 0 0 0
4058 0 0 0
4058 0 0 0
4058 0 0 0
4058 0 0 0
4058 0 0 0
4058 0 0 0
4058 0 0 0
4058 0 0 0
4058 0 0 0
4058 0 0 0
4058 0 0 0
4058 0 0 0
4058 0 0 0
4058 0 0 0
4058 0 0 0
4058 0 0 0
4058 0 0 0
4058 0 0 0
4058 0 0 0
4058 0 0 0
4058 0 0 0
4058 0 0 0
4058 0 0 0
4058 0 0 0
4058 0 0 0
4058 0 0 0
4058 0 0 0
4058 0 0 0
4058 0 0 0
4058 0 0 0
4058 0 0 0
4058 0 0 0
4058 0 0 0
4058 0 0 0
4058 0 0 0
4058 0 0 0
4058 0 0 0
4058 0 0 0
4058 0 0 0
4058 0 0 0
4058 0 0 0
4058 0 0 0
4058 0 0 0
4058 0 0 0
4058 0 0 0
4058 0 0 0
4058 0 0 0
4058 0 0 0
4058 0 0 0
4058 0 0 0
4058 0 0 0
4058 0 0 0
4058 0 0 0
4058 0 0 0
4058 0 0 0
4058 0 0 0
4058 0 0 0
4058 0 0 0
4058 0 0 0
4058 0 0 0
4058 0 0 0
4058 0 0 0
4058 0 0 0
4058 0 0 0
4058 0 0 0
4058 0 0 0
4058 0 0 0
4058 0 0 0
4058 0 0 0
4058 0 0 0
4058 0 0 0
4058 0 0 0
4058 0 0 0
4058 0 0 0
4058 0 0 0
4058 0 0 0
4058 0 0 0
4058 0 0 0
4058 0 0 0
4058 0 0 0
4058 0 0 0
4058 0 0 0
4058 0 0 0
4058 0 0 0
4058 0 0 0
4058 0 0 0
4058 0 0 0
4058 0 0 0
4058 0 0 0
4058 0 0 0
4058 0 0 0
4058 0 0 0
4058 0 0 0
4058 0 0 0
4058 0 0 0
4058 0 0 0
4058 0 0 0
4058 0 0 0
4058 0 0 0
4058 0 0 0
4058 0 0 0
4058 0 0 0
4048 1500 0 1
4098 1500 0 1
4088 1500 0 1
4148 1500 0 1
4143 1500 0 1
4003 1500 0 1
3933 1500 0 1
3663 1500 0 1
3643 1500 0 1
3523 1500 0 1
3228 1500 0 1
3258 1500 0 1
3243 1500 0 1
2838 1500 0 1
2823 1500 0 1
2638 1500 0 1
2513 1500 0 1
2493 1500 0 1
1978 1500 0 1
1957 1500 0 1
1902 1500 0 1
1881 1500 0 1
1860 1500 0 1
1846 1500 0 1
1825 1500 0 1
1333 1500 0 1
1158 1500 0 1
1130 1500 0 1
1017 1500 0 1
996 1500 0 1
912 470 0 1
941 470 0 1
970 1500 0 1
999 1500 0 1
978 1500 0 1
907 470 1 1
836 470 1 1
440 470 1 1
400 470 1 1
170 470 1 1
4058 1500 0 0
4058 0 0 0
4058 0 0 0
4058 0 0 0
4058 0 0 0
4058 0 0 0
4058 0 0 0
4058 0 0 0
4058 0 0 0
4058 0 0 0
4058 0 0 0
4058 0 0 0
4058 0 0 0
4058 0 0 0
4058 0 0 0
4058 0 0 0
4058 0 0 0
4058 0 0 0
4058 0 0 0
4058 0 0 0
4058 0 0 0
4058 0 0 0
4058 0 0 0
4058 0 0 0
4058 0 0 0
4058 0 0 0
4058 0 0 0
4058 0 0 0
4058 0 0 0
4058 0 0 0
4058 0 0 0
4058 0 0 0
4058 0 0 0
4058 0 0 0
4058 0 0 0
4058 0 0 0
4058 0 0 0
4058 0 0 0
4058 0 0 0
4058 0 0 0
4058 0 0 0
4058 0 0 0
4058 0 0 0
4058 0 0 0
4058 0 0 0
4058 0 0 0
4058 0 0 0
4058 0 0 0
4058 0 0 0
4058 0 0 0
4058 0 0 0
4058 0 0 0
4058 0 0 0
4058 0 0 0
4058 0 0 0
4058 0 0 0
4058 0 0 0
4058 0 0 0
4058 0 0 0
4058 0 0 0
4058 0 0 0
4058 0 0 0
4058 0 0 0
4058 0 0 0
4058 0 0 0
4058 0 0 0
4058 0 0 0
4058 0 0 0
4058 0 0 0
4058 0 0 0
4058 0 0 0
4058 0 0 0
4058 0 0 0
4058 0 0 0
4058 0 0 0
4058 0 0 0
4058 0 0 0
4058 0 0 0
4058 0 0 0
4058 0 0 0
4058 0 0 0
4058 0 0 0
4058 0 0 0
4058 0 0 0
4058 0 0 0
4058 0 0 0
4058 0 0 0
4058 0 0 0
4058 0 0 0
4058 0 0 0
4058 0 0 0
4058 0 0 0
4058 0 0 0
4058 0 0 0
4058 0 0 0
4058 0 0 0
4058 0 0 0
4058 0 0 0
4058 0 0 0
4058 0 0 0
4058 0 0 0
4058 0 0 0
4058 0 0 0
4058 0 0 0
4058 0 0 0
4058 0 0 0
4058 0 0 0
4058 0 0 0
4058 0 0 0
4058 0 0 0
4058 0 0 0
4058 0 0 0
4058 0 0 0
4058 0 0 0
4058 0 0 0
4058 0 0 0
4058 0 0 0
4058 0 0 0
4058 0 0 0
4058 0 0 0
4058 0 0 0
4058 0 0 0
4058 0 0 0
4058 0 0 0
4058 0 0 0
4058 0 0 0
4058 0 0 0
4058 0 0 0
4058 0 0 0
4058 0 0 0
4058 0 0 0
4058 0 0 0
4058 0 0 0
4058 0 0 0
4058 0 0 0
4058 0 0 0
4058 0 0 0
4058 0 0 0
4058 0 0 0
4058 0 0 0
4058 0 0 0
4058 0 0 0
4058 0 0 0
4058 0 0 0
4058 0 0 0
4058 0 0 0
4058 0 0 0
4058 0 0 0
4058 0 0 0
4058 0 0 0
4058 0 0 0
4058 0 0 0
4058 0 0 0
4058 0 0 0
4058 0 0 0
4058 0 0 0
4058 0 0 0
4058 0 0 0
4058 0 0 0
4058 0 0 0
4058 0 0 0
4058 0 0 0
4058 0 0 0
4058 0 0 0
4058 0 0 0
4058 0 0 0
4058 0 0 0
4058 0 0 0
4058 0 0 0
4058 0 0 0
4058 0 0 0
4058 0 0 0
4058 0 0 0
4058 0 0 0
4058 0 0 0
4058 0 0 0
4058 0 0 0
4058 0 0 0
4058 0 0 0
4058 0 0 0
4058 0 0 0
4058 0 0 0
4058 0 0 0
4058 0 0 0
4058 0 0 0
4058 0 0 0
4058 0 0 0
4058 0 0 0
4058 0 0 0
4058 0 0 0
4058 0 0 0
4058 0 0 0
4058 0 0 0
4058 0 0 0
4058 0 0 0
4058 0 0 0
4058 0 0 0
4058 0 0 0
4058 0 0 0
4058 0 0 0
4058 0 0 0
4058 0 0 0
4058 0 0 0
4058 0 0 0
4058 0 0 0
4058 0 0 0
4058 0 0 0
4058 0 0 0
4058 0 0 0
4058 0 0 0
4058 0 0 0
4058 0 0 0
4058 0 0 0
4058 0 0 0
4058 0 0 0
4058 0 0 0
4058 0 0 0
4058 0 0 0
4058 0 0 0
4058 0 0 0
4058 0 0 0
4058 0 0 0
4058 0 0 0
4058 0 0 0
4058 0 0 0
4058 0 0 0
4058 0 0 0
4058 0 0 0
4058 0 0 0
4058 0 0 0
4058 0 0 0
4058 0 0 0
4058 0 0 0
4058 0 0 0
4058 0 0 0
4058 0 0 0
4058 0 0 0
4058 0 0 0
4058 0 0 0
4058 0 0 0
4058 0 0 0
4058 0 0 0
4058 0 0 0
4058 0 0 0
4058 0 0 0
4058 0 0 0
4058 0 0 0
4058 0 0 0
4058 0 0 0
4058 0 0 0
4058 0 0 0
4058 0 0 0
4058 0 0 0
4058 0 0 0
4058 0 0 0
4058 0 0 0
4058 0 0 0
4058 0 0 0
4058 0 0 0
4058 0 0 0
4058 0 0 0
4058 0 0 0
4058 0 0 0
4058 0 0 0
4058 0 0 0
4058 0 0 0
4058 0 0 0
4058 0 0 0
4058 0 0 0
4058 0 0 0
4058 0 0 0
4058 0 0 0
4058 0 0 0
4058 0 0 0
4058 0 0 0
4058 0 0 0
4058 0 0 0
4058 0 0 0
4058 0 0 0
4058 0 0 0
4058 0 0 0
4058 0 0 0
4058 0 0 0
4058 0 0 0
4058 0 0 0
4058 0 0 0
4058 0 0 0
4058 0 0 0
4058 0 0 0
4058 0 0 0
4058 0 0 0
4058 0 0 0
4058 0 0 0
4058 0 0 0
4058 0 0 0
4058 0 0 0
4058 0 0 0
4058 0 0 0
4058 0 0 0
4058 0 0 0
4058 0 0 0
4058 0 0 0
4058 0 0 0
4058 0 0 0
4058 0 0 0
4058 0 0 0
4058 0 0 0
4058 0 0 0
4058 0 0 0
4058 0 0 0
4058 0 0 0
4058 0 0 0
4058 0 0 0
4058 0 0 0
4058 0 0 0
4058 0 0 0
4058 0 0 0
4058 0 0 0
4058 0 0 0
4058 0 0 0
4058 0 0 0
4058 0 0 0
4058 0 0 0
4058 0 0 0
4058 0 0 0
4058 0 0 0
4058 0 0 0
4058 0 0 0
4058 0 0 0
4058 0 0 0
4058 0 0 0
4058 0 0 0
4058 0 0 0
4058 0 0 0
4058 0 0 0
4058 0 0 0
4058 0 0 0
4058 0 0 0
4058 0 0 0
4058 0 0 0
4058 0 0 0
4058 0 0 0
4058 0 0 0
4058 0 0 0
4058 0 0 0
4058 0 0 0
4058 0 0 0
4058 0 0 0
4058 0 0 0
4058 0 0 0
4058 0 0 0
4058 0 0 0
4058 0 0 0
4058 0 0 0
4058 0 0 0
4058 0 0 0
4058 0 0 0
4058 0 0 0
4058 0 0 0
4058 0 0 0
4058 0 0 0
4058 0 0 0
4058 0 0 0
4058 0 0 0
4058 0 0 0
4058 0 0 0
4058 0 0 0
4058 0 0 0
4058 0 0 0
4058 0 0 0
4058 0 0 0
4058 0 0 0
4058 0 0 0
4058 0 0 0
4058 0 0 0
4058 0 0 0
4058 0 0 0
4058 0 0 0
4058 0 0 0
4058 0 0 0
4058 0 0 0
4058 0 0 0
4058 0 0 0
4058 0 0 0
4058 0 0 0
4058 0 0 0
4058 0 0 0
4058 0 0 0
4058 0 0 0
4058 0 0 0
4058 0 0 0
4058 0 0 0
4058 0 0 0
4058 0 0 0
4058 0 0 0
4058 0 0 0
4058 0 0 0
4058 0 0 0
4058 0 0 0
4058 0 0 0
4058 0 0 0
4058 0 0 0
4058 0 0 0
4058 0 0 0
4058 0 0 0
4058 0 0 0
4058 0 0 0
4058 0 0 0
4058 0 0 0
4058 0 0 0
4058 0 0 0
4058 0 0 0
4058 0 0 0
4058 0 0 0
4058 0 0 0
4058 0 0 0
4058 0 0 0
4058 0 0 0
4058 0 0 0
4058 0 0 0
4058 0 0 0
4058 0 0 0
4058 0 0 0
4058 0 0 0
4058 0 0 0
4058 0 0 0
4058 0 0 0
4058 0 0 0
4058 0 0 0
4058 0 0 0
4058 0 0 0
4058 0 0 0
4058 0 0 0
4058 0 0 0
4058 0 0 0
4058 0 0 0
4058 0 0 0
4058 0 0 0
4058 0 0 0
4058 0 0 0
4058 0 0 0
4058 0 0 0
4058 0 0 0
4058 0 0 0
4058 0 0 0
4058 0 0 0
4058 0 0 0
4058 0 0 0
4058 0 0 0
4058 0 0 0
4058 0 0 0
4058 0 0 0
4058 0 0 0
4058 0 0 0
4058 0 0 0
4058 0 0 0
4058 0 0 0
4058 0 0 0
4058 0 0 0
4058 0 0 0
