23495 20 0 0
1809 20 0 0
4274 20 0 0
4483 20 0 0
28260 20 0 0
28972 20 0 0
9549 20 0 0
17429 20 0 0
17873 20 0 0
17477 20 0 0
4144 20 0 0
11670 20 0 0
21941 20 0 0
10789 20 0 0
22301 20 0 0
10125 20 0 0
19529 20 0 0
16406 20 0 0
11670 20 0 0
19531 20 0 0
13277 20 0 0
10265 20 0 0
8248 20 0 0
12485 20 0 0
25683 20 0 0
26368 20 0 0
10890 20 0 0
11241 20 0 0
17569 20 0 0
16723 20 0 0
9264 20 0 0
21847 20 0 0
23633 20 0 0
25885 20 0 0
6285 20 0 0
742 20 1 0
13570 20 0 0
19293 20 0 0
25561 20 0 0
5663 20 0 0
3047 20 0 0
11656 20 0 0
19617 20 0 0
6591 20 0 0
21317 20 0 0
19204 20 0 0
27973 20 0 0
12087 20 0 0
1015 20 1 0
7660 20 0 0
28026 20 0 0
19502 20 0 0
16107 20 0 0
9296 20 0 0
3016 20 0 0
18427 20 0 0
16036 20 0 0
20020 20 0 0
30476 20 0 0
14637 20 0 0
6328 20 0 0
19087 20 0 0
30709 20 0 0
8965 20 0 0
20305 20 0 0
15610 20 0 0
27272 20 0 0
29433 20 0 0
12974 20 0 0
28746 20 0 0
1950 20 0 0
20017 20 0 0
4770 20 0 0
29533 20 0 0
17245 20 0 0
12043 20 0 0
16402 20 0 0
14157 20 0 0
24023 20 0 0
21145 20 0 0
24185 20 0 0
15546 20 0 0
20046 20 0 0
30240 20 0 0
1381 20 1 0
24739 20 0 0
6898 20 0 0
25753 20 0 0
12793 20 0 0
15196 20 0 0
2878 20 0 0
21553 20 0 0
2156 20 0 0
16666 20 0 0
3203 20 0 0
5067 20 0 0
25990 20 0 0
5534 20 0 0
11109 20 0 0
2170 20 0 0
16424 20 0 0
6834 20 0 0
23900 20 0 0
16242 20 0 0
23234 20 0 0
14470 20 0 0
6710 20 0 0
13687 20 0 0
17629 20 0 0
15910 20 0 0
17809 20 0 0
28786 20 0 0
11409 20 0 0
23680 20 0 0
26724 20 0 0
4321 20 0 0
11670 20 0 0
14288 20 0 0
14965 20 0 0
13661 20 0 0
24340 20 0 0
28982 20 0 0
16386 20 0 0
5044 20 0 0
23677 20 0 0
11670 20 0 0
7834 20 0 0
9831 20 0 0
4017 20 0 0
19859 20 0 0
16355 20 0 0
10795 20 0 0
30254 20 0 0
17749 20 0 0
29140 20 0 0
27498 20 0 0
9480 20 0 0
24515 20 0 0
21722 20 0 0
25537 20 0 0
19044 20 0 0
23842 20 0 0
11670 20 0 0
10114 20 0 0
11670 20 0 0
23855 20 0 0
16506 20 0 0
9010 20 0 0
26530 20 0 0
17561 20 0 0
5905 20 0 0
10505 20 0 0
9909 20 0 0
29316 20 0 0
7607 20 0 0
20087 20 0 0
7595 20 0 0
17926 20 0 0
11003 20 0 0
6555 20 0 0
17320 20 0 0
29612 20 0 0
19650 20 0 0
11670 20 0 0
11650 20 0 0
10996 20 0 0
4549 20 0 0
11794 20 0 0
29235 20 0 0
3026 20 0 0
8976 20 0 0
12459 20 0 0
15810 20 0 0
27693 20 0 0
11651 20 0 0
22153 20 0 0
9856 20 0 0
28001 20 0 0
6994 20 0 0
29649 20 0 0
13541 20 0 0
25021 20 0 0
7559 20 0 0
28252 20 0 0
10650 20 0 0
11670 20 0 0
1405 20 1 0
6968 20 0 0
5303 20 0 0
29423 20 0 0
28261 20 0 0
27686 20 0 0
8933 20 0 0
6824 20 0 0
14019 20 0 0
27931 20 0 0
11670 20 0 0
17998 20 0 0
18927 20 0 0
4545 20 0 0
771 20 1 0
8053 20 0 0
14743 20 0 0
21237 20 0 0
15020 20 0 0
29092 20 0 0
10041 20 0 0
7240 20 0 0
13271 20 0 0
16343 20 0 0
16794 20 0 0
2432 20 0 0
8340 20 0 0
10749 20 0 0
16182 20 0 0
29719 20 0 0
18565 20 0 0
8825 20 0 0
2036 20 0 0
20665 20 0 0
19040 20 0 0
29603 20 0 0
26008 20 0 0
23752 20 0 0
11631 20 0 0
5447 20 0 0
8869 20 0 0
7130 20 0 0
17169 20 0 0
21027 20 0 0
26387 20 0 0
9527 20 0 0
22584 20 0 0
15722 20 0 0
3375 20 0 0
16733 20 0 0
14059 20 0 0
30790 20 0 0
2841 20 0 0
22398 20 0 0
30660 20 0 0
18255 20 0 0
11334 20 0 0
11007 20 0 0
9073 20 0 0
30743 20 0 0
6910 20 0 0
26873 20 0 0
9269 20 0 0
5793 20 0 0
14813 20 0 0
1465 20 1 0
1894 20 0 0
29411 20 0 0
19796 20 0 0
27202 20 0 0
3822 20 0 0
30281 20 0 0
29992 20 0 0
29128 20 0 0
4813 20 0 0
18739 20 0 0
30191 20 0 0
14132 20 0 0
12947 20 0 0
18548 20 0 0
21144 20 0 0
12965 20 0 0
22248 20 0 0
19155 20 0 0
13794 20 0 0
9963 20 0 0
774 20 1 0
13963 20 0 0
11234 20 0 0
24332 20 0 0
30267 20 0 0
26317 20 0 0
11135 20 0 0
15298 20 0 0
7530 20 0 0
24891 20 0 0
28663 20 0 0
4344 20 0 0
21641 20 0 0
23405 20 0 0
8794 20 0 0
21330 20 0 0
30755 20 0 0
4207 20 0 0
21260 20 0 0
5541 20 0 0
18133 20 0 0
26174 20 0 0
17221 20 0 0
22137 20 0 0
4819 20 0 0
25424 20 0 0
7635 20 0 0
7564 20 0 0
17250 20 0 0
29707 20 0 0
17492 20 0 0
26960 20 0 0
9821 20 0 0
11670 20 0 0
16702 20 0 0
27753 20 0 0
4531 20 0 0
20702 20 0 0
6362 20 0 0
6962 20 0 0
21733 20 0 0
17673 20 0 0
16130 20 0 0
2359 20 0 0
16134 20 0 0
22531 20 0 0
8553 20 0 0
5818 20 0 0
22989 20 0 0
30327 20 0 0
8465 20 0 0
28209 20 0 0
30699 20 0 0
9221 20 0 0
23508 20 0 0
20933 20 0 0
14776 20 0 0
28864 20 0 0
17886 20 0 0
14546 20 0 0
25881 20 0 0
16047 20 0 0
4912 20 0 0
15723 20 0 0
29322 20 0 0
22349 20 0 0
28957 20 0 0
22997 20 0 0
11927 20 0 0
20747 20 0 0
4046 20 0 0
30217 20 0 0
11109 20 0 0
17611 20 0 0
16366 20 0 0
17717 20 0 0
11670 20 0 0
21349 20 0 0
18241 20 0 0
29498 20 0 0
25772 20 0 0
16274 20 0 0
1016 20 1 0
8749 20 0 0
11670 20 0 0
15687 20 0 0
3165 20 0 0
14296 20 0 0
10242 20 0 0
4995 20 0 0
7484 20 0 0
16298 20 0 0
25806 20 0 0
13693 20 0 0
16180 20 0 0
11670 20 0 0
14411 20 0 0
11859 20 0 0
11670 20 0 0
28176 20 0 0
17833 20 0 0
16914 20 0 0
16726 20 0 0
16250 20 0 0
16810 20 0 0
9023 20 0 0
15085 20 0 0
23474 20 0 0
13347 20 0 0
30801 20 0 0
20642 20 0 0
26512 20 0 0
2432 20 0 0
12595 20 0 0
24704 20 0 0
6232 20 0 0
29759 20 0 0
11460 20 0 0
24991 20 0 0
22386 20 0 0
7794 20 0 0
11865 20 0 0
14698 20 0 0
7036 20 0 0
11072 20 0 0
9015 20 0 0
9506 20 0 0
21960 20 0 0
26592 110 0 0
11333 110 0 0
6188 110 0 0
23619 110 0 0
19835 110 0 0
15785 110 0 0
16718 110 0 0
11670 110 0 0
20922 110 0 0
4612 110 0 0
27422 110 0 0
7429 110 0 0
27433 110 0 0
16768 110 0 0
2637 110 0 0
15034 110 0 0
12441 110 0 0
9707 110 0 0
20214 110 0 0
15897 110 0 0
29855 110 0 0
10806 110 0 0
23777 110 0 0
14713 110 0 0
28949 110 0 0
10745 110 0 0
15966 110 0 0
21903 110 0 0
661 110 1 0
24812 110 0 0
5677 110 0 0
18680 110 0 0
29699 110 0 0
27246 110 0 0
22064 110 0 0
24500 110 0 0
23042 110 0 0
20735 110 0 0
16312 110 0 0
4776 110 0 0
17305 110 0 0
11720 110 0 0
26784 110 0 0
12057 110 0 0
23580 110 0 0
22544 110 0 0
15175 110 0 0
3637 110 0 0
10709 110 0 0
9414 110 0 0
18960 110 0 0
23692 110 0 0
30298 110 0 0
13820 110 0 0
13027 110 0 0
29073 110 0 0
21414 110 0 0
23144 110 0 0
4777 110 0 0
14108 110 0 0
4724 110 0 0
16530 110 0 0
2258 110 0 0
8425 110 0 0
3526 110 0 0
9196 110 0 0
19152 110 0 0
13336 110 0 0
1633 110 0 0
11670 110 0 0
18331 110 0 0
7853 110 0 0
3661 110 0 0
4306 110 0 0
23341 110 0 0
24336 110 0 0
1111 110 1 0
18782 110 0 0
4613 110 0 0
16126 110 0 0
8080 110 0 0
23256 110 0 0
16442 110 0 0
18897 110 0 0
2765 110 0 0
17260 110 0 0
4888 110 0 0
18036 110 0 0
4136 110 0 0
22013 110 0 0
10340 110 0 0
16354 110 0 0
21628 110 0 0
23417 110 0 0
28186 110 0 0
16430 110 0 0
8938 110 0 0
24705 110 0 0
1997 110 0 0
25902 110 0 0
18520 110 0 0
7639 110 0 0
11923 110 0 0
15638 110 0 0
17365 110 0 0
21218 110 0 0
25735 110 0 0
18600 110 0 0
27034 110 0 0
29995 110 0 0
14408 110 0 0
26236 110 0 0
8076 110 0 0
28640 110 0 0
6266 110 0 0
12712 110 0 0
18361 110 0 0
29522 110 0 0
14146 110 0 0
11233 110 0 0
17498 110 0 0
21624 110 0 0
16826 110 0 0
24893 110 0 0
28267 110 0 0
16382 110 0 0
4039 110 0 0
24506 110 0 0
24878 110 0 0
26604 110 0 0
24294 110 0 0
16054 110 0 0
21928 110 0 0
14041 110 0 0
20063 110 0 0
13943 110 0 0
3617 110 0 0
19385 110 0 0
26221 110 0 0
18339 110 0 0
20902 110 0 0
16022 110 0 0
6095 110 0 0
29382 110 0 0
30600 110 0 0
19358 110 0 0
3913 110 0 0
11670 110 0 0
733 110 1 0
17507 110 0 0
6432 110 0 0
21912 110 0 0
19964 110 0 0
19866 110 0 0
5280 110 0 0
24913 110 0 0
17923 110 0 0
8062 110 0 0
30616 110 0 0
3610 110 0 0
13906 110 0 0
16877 110 0 0
25051 110 0 0
19569 110 0 0
9231 110 0 0
7144 110 0 0
16575 110 0 0
10683 110 0 0
14755 110 0 0
4885 110 0 0
671 110 1 0
30656 110 0 0
16954 110 0 0
15167 110 0 0
23130 110 0 0
1067 110 1 0
13637 110 0 0
5586 110 0 0
4820 110 0 0
24589 110 0 0
20984 110 0 0
24929 110 0 0
29298 110 0 0
14169 110 0 0
19150 110 0 0
15602 110 0 0
11937 110 0 0
14439 110 0 0
11670 110 0 0
17519 110 0 0
28494 110 0 0
2932 110 0 0
20503 110 0 0
13893 110 0 0
25196 110 0 0
23070 110 0 0
26960 110 0 0
23750 110 0 0
24435 110 0 0
26346 110 0 0
16182 110 0 0
11670 110 0 0
6877 110 0 0
13503 110 0 0
11670 110 0 0
21766 110 0 0
27050 110 0 0
15978 110 0 0
9857 110 0 0
13885 110 0 0
5339 110 0 0
15899 110 0 0
2765 110 0 0
15746 110 0 0
15609 110 0 0
1253 110 1 0
6289 110 0 0
20176 110 0 0
19853 110 0 0
25152 110 0 0
1323 110 1 0
11005 110 0 0
11670 110 0 0
7048 110 0 0
7228 110 0 0
19634 110 0 0
29274 110 0 0
29565 110 0 0
6952 110 0 0
18738 110 0 0
17468 110 0 0
16834 110 0 0
7320 110 0 0
11362 110 0 0
20712 110 0 0
6753 110 0 0
5114 110 0 0
10316 110 0 0
28542 110 0 0
1348 110 1 0
22782 110 0 0
21661 110 0 0
18207 110 0 0
17851 110 0 0
17177 110 0 0
17210 110 0 0
12916 110 0 0
12795 110 0 0
21764 110 0 0
1637 110 0 0
13094 110 0 0
6810 110 0 0
30779 110 0 0
21226 110 0 0
30053 110 0 0
16918 110 0 0
18561 110 0 0
19702 110 0 0
25444 110 0 0
25678 110 0 0
28504 110 0 0
28908 110 0 0
18649 110 0 0
19973 110 0 0
3979 110 0 0
28113 110 0 0
1663 110 0 0
1125 110 1 0
16551 110 0 0
21711 110 0 0
21910 110 0 0
16410 110 0 0
6779 110 0 0
22709 110 0 0
7007 110 0 0
25261 110 0 0
20638 110 0 0
7539 110 0 0
19619 110 0 0
29275 110 0 0
24039 110 0 0
6047 110 0 0
24875 110 0 0
23863 110 0 0
16372 110 0 0
16214 110 0 0
22343 110 0 0
17119 110 0 0
17062 110 0 0
16080 110 0 0
18250 110 0 0
14417 110 0 0
23457 110 0 0
9141 110 0 0
1802 110 0 0
24435 110 0 0
5583 110 0 0
23751 110 0 0
23906 110 0 0
3723 110 0 0
3292 110 0 0
14929 110 0 0
17842 110 0 0
1989 110 0 0
15498 110 0 0
27202 110 0 0
17244 110 0 0
16562 110 0 0
18715 110 0 0
18346 110 0 0
17734 110 0 0
14789 110 0 0
20731 110 0 0
14912 110 0 0
6493 110 0 0
26071 110 0 0
11670 110 0 0
9694 110 0 0
28686 110 0 0
8610 110 0 0
14443 110 0 0
27137 110 0 0
28620 110 0 0
15175 110 0 0
5570 110 0 0
29003 110 0 0
22671 110 0 0
2506 110 0 0
27938 110 0 0
20739 110 0 0
14162 110 0 0
5267 110 0 0
15961 110 0 0
15418 110 0 0
10642 110 0 0
19181 110 0 0
16758 110 0 0
28934 110 0 0
12500 110 0 0
19337 110 0 0
592 110 1 0
11408 110 0 0
5662 110 0 0
15354 110 0 0
3070 110 0 0
26119 110 0 0
23930 110 0 0
12344 110 0 0
9310 110 0 0
4197 110 0 0
18808 110 0 0
8735 110 0 0
6033 110 0 0
22088 110 0 0
28331 110 0 0
15578 110 0 0
4987 110 0 0
10608 110 0 0
22313 110 0 0
8396 110 0 0
4934 110 0 0
25157 110 0 0
13837 110 0 0
12862 110 0 0
23262 110 0 0
28496 110 0 0
10999 110 0 0
10672 110 0 0
628 110 1 0
5311 110 0 0
5513 110 0 0
12018 110 0 0
4605 110 0 0
15332 110 0 0
15538 110 0 0
27833 110 0 0
11442 110 0 0
21173 110 0 0
28484 110 0 0
30748 110 0 0
19600 110 0 0
15179 110 0 0
11591 110 0 0
18455 110 0 0
3543 110 0 0
19301 110 0 0
5542 110 0 0
15625 110 0 0
2701 110 0 0
23524 110 0 0
23703 110 0 0
14392 110 0 0
17914 110 0 0
26702 110 0 0
15189 110 0 0
17226 110 0 0
10284 110 0 0
15949 110 0 0
13216 110 0 0
18380 110 0 0
4974 200 0 0
8267 200 0 0
3102 200 0 0
19225 200 0 0
3012 200 0 0
17030 200 0 0
24130 200 0 0
4549 200 0 0
12532 200 0 0
29183 200 0 0
16895 200 0 0
6598 200 0 0
10968 200 0 0
9657 200 0 0
4631 200 0 0
1656 200 0 0
20604 200 0 0
8139 200 0 0
21826 200 0 0
1293 200 1 0
21922 200 0 0
17050 200 0 0
5034 200 0 0
17927 200 0 0
18496 200 0 0
8112 200 0 0
16658 200 0 0
18112 200 0 0
24062 200 0 0
20116 200 0 0
23336 200 0 0
27364 200 0 0
4539 200 0 0
18673 200 0 0
23896 200 0 0
26099 200 0 0
4359 200 0 0
3778 200 0 0
10236 200 0 0
29890 200 0 0
15706 200 0 0
1043 200 1 0
15618 200 0 0
26361 200 0 0
26390 200 0 0
25224 200 0 0
12495 200 0 0
15426 200 0 0
20481 200 0 0
16050 200 0 0
12218 200 0 0
16246 200 0 0
13257 200 0 0
17995 200 0 0
21390 200 0 0
20621 200 0 0
6147 200 0 0
18498 200 0 0
18698 200 0 0
12808 200 0 0
22008 200 0 0
16302 200 0 0
17762 200 0 0
19488 200 0 0
14375 200 0 0
10389 200 0 0
19390 200 0 0
9975 200 0 0
26561 200 0 0
3474 200 0 0
17080 200 0 0
24576 200 0 0
10794 200 0 0
10580 200 0 0
23009 200 0 0
13189 200 0 0
28284 200 0 0
22556 200 0 0
16187 200 0 0
22049 200 0 0
11013 200 0 0
22850 200 0 0
9405 200 0 0
7748 200 0 0
2758 200 0 0
24751 200 0 0
5588 200 0 0
16855 200 0 0
27381 200 0 0
30817 200 0 0
7390 200 0 0
19208 200 0 0
10362 200 0 0
12780 200 0 0
14511 200 0 0
23341 200 0 0
15731 200 0 0
10230 200 0 0
8719 200 0 0
27364 200 0 0
11954 200 0 0
20408 200 0 0
24888 200 0 0
22592 200 0 0
18747 200 0 0
6786 200 0 0
13147 200 0 0
11306 200 0 0
12233 200 0 0
26422 200 0 0
16409 200 0 0
29663 200 0 0
14409 200 0 0
17353 200 0 0
7948 200 0 0
27246 200 0 0
6491 200 0 0
17045 200 0 0
11581 200 0 0
29244 200 0 0
26582 200 0 0
2254 200 0 0
12974 200 0 0
24194 200 0 0
25666 200 0 0
9744 200 0 0
22480 200 0 0
3276 200 0 0
6238 200 0 0
28628 200 0 0
27403 200 0 0
20090 200 0 0
17562 200 0 0
9715 200 0 0
30268 200 0 0
8769 200 0 0
7580 200 0 0
20573 200 0 0
9264 200 0 0
15785 200 0 0
22973 200 0 0
12436 200 0 0
30251 200 0 0
26254 200 0 0
3723 200 0 0
814 200 1 0
18790 200 0 0
7329 200 0 0
24135 200 0 0
4437 200 0 0
11402 200 0 0
4838 200 0 0
30054 200 0 0
4680 200 0 0
1336 200 1 0
15594 200 0 0
22546 200 0 0
23769 200 0 0
1412 200 1 0
5564 200 0 0
17505 200 0 0
26863 200 0 0
29043 200 0 0
11898 200 0 0
18490 200 0 0
8452 200 0 0
13442 200 0 0
17091 200 0 0
11788 200 0 0
934 200 1 0
18208 200 0 0
5312 200 0 0
23321 200 0 0
5368 200 0 0
25649 200 0 0
17820 200 0 0
1165 200 1 0
8240 200 0 0
3723 200 0 0
12701 200 0 0
6218 200 0 0
18712 200 0 0
26234 200 0 0
1137 200 1 0
14950 200 0 0
28047 200 0 0
20286 200 0 0
26594 200 0 0
4777 200 0 0
22280 200 0 0
25738 200 0 0
27325 200 0 0
27154 200 0 0
15368 200 0 0
16390 200 0 0
10146 200 0 0
6225 200 0 0
4522 200 0 0
3788 200 0 0
17005 200 0 0
16715 200 0 0
11548 200 0 0
30444 200 0 0
7730 200 0 0
25243 200 0 0
13601 200 0 0
19689 200 0 0
24000 200 0 0
12558 200 0 0
25487 200 0 0
6459 200 0 0
26146 200 0 0
17957 200 0 0
5840 200 0 0
28110 200 0 0
11165 200 0 0
7573 200 0 0
13156 200 0 0
2944 200 0 0
14152 200 0 0
25288 200 0 0
21851 200 0 0
22437 200 0 0
16527 200 0 0
3674 200 0 0
20957 200 0 0
8580 200 0 0
5812 200 0 0
21407 200 0 0
2213 200 0 0
14297 200 0 0
23115 200 0 0
24090 200 0 0
1407 200 1 0
20051 200 0 0
1724 200 0 0
24325 200 0 0
29135 200 0 0
13077 200 0 0
19395 200 0 0
27343 200 0 0
22027 200 0 0
21559 200 0 0
14065 200 0 0
9879 200 0 0
11070 200 0 0
5444 200 0 0
11562 200 0 0
17843 200 0 0
15493 200 0 0
29884 200 0 0
13351 200 0 0
22317 200 0 0
22676 200 0 0
11670 200 0 0
3059 200 0 0
25410 200 0 0
21296 200 0 0
8365 200 0 0
6256 200 0 0
22756 200 0 0
22197 200 0 0
8809 200 0 0
6865 200 0 0
19256 200 0 0
1423 200 1 0
10261 200 0 0
15135 200 0 0
17390 200 0 0
27587 200 0 0
22900 200 0 0
25015 200 0 0
18574 200 0 0
16485 200 0 0
27198 200 0 0
24777 200 0 0
14432 200 0 0
30497 200 0 0
28574 200 0 0
28120 200 0 0
6528 200 0 0
8628 200 0 0
1460 200 1 0
27455 200 0 0
16026 200 0 0
8562 200 0 0
17683 200 0 0
11670 200 0 0
8074 200 0 0
10433 200 0 0
2114 200 0 0
2452 200 0 0
18145 200 0 0
3226 200 0 0
11670 200 0 0
17624 200 0 0
3941 200 0 0
26125 200 0 0
7922 200 0 0
26652 200 0 0
12687 200 0 0
955 200 1 0
17094 200 0 0
29789 200 0 0
8461 200 0 0
11100 200 0 0
17936 200 0 0
24682 200 0 0
14912 200 0 0
11065 200 0 0
20379 200 0 0
4712 200 0 0
16317 200 0 0
15281 200 0 0
15582 200 0 0
10576 200 0 0
10190 200 0 0
12470 200 0 0
17639 200 0 0
5742 200 0 0
14832 200 0 0
16174 200 0 0
25345 200 0 0
1762 200 0 0
16638 200 0 0
16078 200 0 0
18195 200 0 0
7457 200 0 0
29025 200 0 0
8120 200 0 0
3499 200 0 0
15986 200 0 0
9519 200 0 0
23161 200 0 0
12748 200 0 0
6259 200 0 0
2827 200 0 0
24496 200 0 0
4718 200 0 0
29332 200 0 0
10999 200 0 0
14406 200 0 0
18428 200 0 0
17490 200 0 0
7977 200 0 0
9018 200 0 0
18901 200 0 0
16094 200 0 0
24969 200 0 0
18206 200 0 0
25550 200 0 0
17080 200 0 0
26934 200 0 0
13209 200 0 0
16422 200 0 0
27929 200 0 0
6144 200 0 0
13029 200 0 0
9901 200 0 0
10346 200 0 0
30701 200 0 0
27472 200 0 0
3839 200 0 0
7906 200 0 0
18614 200 0 0
20669 200 0 0
10565 200 0 0
8891 200 0 0
23880 200 0 0
26146 200 0 0
14870 200 0 0
5128 200 0 0
18758 200 0 0
20233 200 0 0
11135 200 0 0
23084 200 0 0
24196 200 0 0
12561 200 0 0
12927 200 0 0
11615 200 0 0
16014 200 0 0
25964 200 0 0
17544 200 0 0
12334 200 0 0
9243 200 0 0
15974 200 0 0
23811 200 0 0
22777 200 0 0
15454 200 0 0
1226 200 1 0
4810 200 0 0
11125 200 0 0
27079 200 0 0
16789 200 0 0
16806 200 0 0
16938 200 0 0
19172 200 0 0
1861 200 0 0
27633 200 0 0
10229 200 0 0
13034 290 0 0
30597 290 0 0
18398 290 0 0
19592 290 0 0
18923 290 0 0
15650 290 0 0
4511 290 0 0
3180 290 0 0
20500 290 0 0
26776 290 0 0
12557 290 0 0
11429 290 0 0
11094 290 0 0
22113 290 0 0
7004 290 0 0
27806 290 0 0
1035 290 1 0
20920 290 0 0
4583 290 0 0
15942 290 0 0
15470 290 0 0
24606 290 0 0
8620 290 0 0
22927 290 0 0
30750 290 0 0
7385 290 0 0
13004 290 0 0
24560 290 0 0
13217 290 0 0
9330 290 0 0
10253 290 0 0
4069 290 0 0
27613 290 0 0
4149 290 0 0
3673 290 0 0
2156 290 0 0
21919 290 0 0
11670 290 0 0
23614 290 0 0
7304 290 0 0
9494 290 0 0
15936 290 0 0
16750 290 0 0
14016 290 0 0
25942 290 0 0
23159 290 0 0
1599 290 0 0
19615 290 0 0
24535 290 0 0
30132 290 0 0
16030 290 0 0
25139 290 0 0
5110 290 0 0
1431 290 1 0
30798 290 0 0
7568 290 0 0
15985 290 0 0
12678 290 0 0
27884 290 0 0
27213 290 0 0
28910 290 0 0
15913 290 0 0
17095 290 0 0
11524 290 0 0
14706 290 0 0
2285 290 0 0
14930 290 0 0
1748 290 0 0
23020 290 0 0
4995 290 0 0
20691 290 0 0
10464 290 0 0
4010 290 0 0
8033 290 0 0
26941 290 0 0
14287 290 0 0
27360 290 0 0
22846 290 0 0
17150 290 0 0
16204 290 0 0
13862 290 0 0
5272 290 0 0
20939 290 0 0
13701 290 0 0
28152 290 0 0
5936 290 0 0
25798 290 0 0
3758 290 0 0
18487 290 0 0
29834 290 0 0
3674 290 0 0
24702 290 0 0
19365 290 0 0
15638 290 0 0
6030 290 0 0
5551 290 0 0
30570 290 0 0
10094 290 0 0
27530 290 0 0
12672 290 0 0
15810 290 0 0
16469 290 0 0
22302 290 0 0
9012 290 0 0
16158 290 0 0
25018 290 0 0
22587 290 0 0
10642 290 0 0
28596 290 0 0
12405 290 0 0
16538 290 0 0
18021 290 0 0
17805 290 0 0
5157 290 0 0
21898 290 0 0
16891 290 0 0
3637 290 0 0
17790 290 0 0
28372 290 0 0
16040 290 0 0
8494 290 0 0
23463 290 0 0
26327 290 0 0
23619 290 0 0
6022 290 0 0
21511 290 0 0
2487 290 0 0
27558 290 0 0
16772 290 0 0
29046 290 0 0
11670 290 0 0
12848 290 0 0
6997 290 0 0
5606 290 0 0
5855 290 0 0
15684 290 0 0
5257 290 0 0
6922 290 0 0
16935 290 0 0
17865 290 0 0
26514 290 0 0
16742 290 0 0
14667 290 0 0
9130 290 0 0
17600 290 0 0
6682 290 0 0
1575 290 0 0
20822 290 0 0
30828 290 0 0
30147 290 0 0
24120 290 0 0
17180 290 0 0
5400 290 0 0
7324 290 0 0
1569 290 0 0
14172 290 0 0
26705 290 0 0
2991 290 0 0
11559 290 0 0
4265 290 0 0
29569 290 0 0
11464 290 0 0
7349 290 0 0
29348 290 0 0
24561 290 0 0
25080 290 0 0
30679 290 0 0
26833 290 0 0
18004 290 0 0
8468 290 0 0
2752 290 0 0
1589 290 0 0
1595 290 0 0
7988 290 0 0
10822 290 0 0
22748 290 0 0
11680 290 0 0
3127 290 0 0
9058 290 0 0
27988 290 0 0
28765 290 0 0
24124 290 0 0
15027 290 0 0
25137 290 0 0
12212 290 0 0
11561 290 0 0
15354 290 0 0
2954 290 0 0
4551 290 0 0
7718 290 0 0
6558 290 0 0
9849 290 0 0
10527 290 0 0
24353 290 0 0
7207 290 0 0
7325 290 0 0
11304 290 0 0
12873 290 0 0
8645 290 0 0
22425 290 0 0
15537 290 0 0
2453 290 0 0
28104 290 0 0
9365 290 0 0
16238 290 0 0
12860 290 0 0
2087 290 0 0
10169 290 0 0
17271 290 0 0
4157 290 0 0
11516 290 0 0
24503 290 0 0
15702 290 0 0
27094 290 0 0
19460 290 0 0
14656 290 0 0
15554 290 0 0
17167 290 0 0
6178 290 0 0
12940 290 0 0
10151 290 0 0
18735 290 0 0
9946 290 0 0
3797 290 0 0
15904 290 0 0
20034 290 0 0
8152 290 0 0
6618 290 0 0
9144 290 0 0
21660 290 0 0
16386 290 0 0
16078 290 0 0
25440 290 0 0
10831 290 0 0
22271 290 0 0
6825 290 0 0
18155 290 0 0
5301 290 0 0
19119 290 0 0
4612 290 0 0
16017 290 0 0
3050 290 0 0
25268 290 0 0
12862 290 0 0
22639 290 0 0
1617 290 0 0
6635 290 0 0
5676 290 0 0
18435 290 0 0
21517 290 0 0
27223 290 0 0
17954 290 0 0
16662 290 0 0
2695 290 0 0
27805 290 0 0
27517 290 0 0
20035 290 0 0
17435 290 0 0
1927 290 0 0
5147 290 0 0
10851 290 0 0
22190 290 0 0
12163 290 0 0
1504 290 0 0
26146 290 0 0
6401 290 0 0
13859 290 0 0
8753 290 0 0
4211 290 0 0
25693 290 0 0
10653 290 0 0
22906 290 0 0
23213 290 0 0
9472 290 0 0
17482 290 0 0
11946 290 0 0
4110 290 0 0
24939 290 0 0
27689 290 0 0
19123 290 0 0
7477 290 0 0
5603 290 0 0
16987 290 0 0
8205 290 0 0
10150 290 0 0
8175 290 0 0
17062 290 0 0
7730 290 0 0
13640 290 0 0
14814 290 0 0
29429 290 0 0
29985 290 0 0
25576 290 0 0
1601 290 0 0
8916 290 0 0
26845 290 0 0
12470 290 0 0
11115 290 0 0
15094 290 0 0
13549 290 0 0
20420 290 0 0
17135 290 0 0
7345 290 0 0
17385 290 0 0
5004 290 0 0
16703 290 0 0
4479 290 0 0
24249 290 0 0
25705 290 0 0
26854 290 0 0
19069 290 0 0
26775 290 0 0
18458 290 0 0
17005 290 0 0
28653 290 0 0
23051 290 0 0
15614 290 0 0
1832 290 0 0
16565 290 0 0
18610 290 0 0
3824 290 0 0
11670 290 0 0
16864 290 0 0
26283 290 0 0
13320 290 0 0
28947 290 0 0
16842 290 0 0
22039 290 0 0
28380 290 0 0
30541 290 0 0
21815 290 0 0
3230 290 0 0
15458 290 0 0
11670 290 0 0
23467 290 0 0
18155 290 0 0
9453 290 0 0
1637 290 0 0
18961 290 0 0
3117 290 0 0
22845 290 0 0
19073 290 0 0
16422 290 0 0
16790 290 0 0
5234 290 0 0
17175 290 0 0
17840 290 0 0
19934 290 0 0
1614 290 0 0
16754 290 0 0
16011 290 0 0
19647 290 0 0
14074 290 0 0
7579 290 0 0
5130 290 0 0
21113 290 0 0
16001 290 0 0
25831 290 0 0
10520 290 0 0
16205 290 0 0
3156 290 0 0
21096 290 0 0
13479 290 0 0
8963 290 0 0
16070 290 0 0
19448 290 0 0
24140 290 0 0
12390 290 0 0
2704 290 0 0
23092 290 0 0
11714 290 0 0
16581 290 0 0
12876 290 0 0
29692 290 0 0
2663 290 0 0
26483 290 0 0
3579 290 0 0
23030 290 0 0
19132 290 0 0
5445 290 0 0
8833 290 0 0
11670 290 0 0
21479 290 0 0
19481 290 0 0
18726 290 0 0
4838 290 0 0
18738 290 0 0
25163 290 0 0
26389 290 0 0
28538 290 0 0
19339 290 0 0
22079 290 0 0
13535 290 0 0
21115 290 0 0
18692 290 0 0
12765 290 0 0
5623 290 0 0
15726 290 0 0
23635 290 0 0
16818 290 0 0
15610 380 0 0
16965 380 0 0
27083 380 0 0
27862 380 0 0
16734 380 0 0
6437 380 0 0
11670 380 0 0
19185 380 0 0
11065 380 0 0
10907 380 0 0
18628 380 0 0
27409 380 0 0
27689 380 0 0
22495 380 0 0
20368 380 0 0
4726 380 0 0
679 380 1 0
2747 380 0 0
20813 380 0 0
17485 380 0 0
20351 380 0 0
3628 380 0 0
13953 380 0 0
11214 380 0 0
17660 380 0 0
16570 380 0 0
26184 380 0 0
26757 380 0 0
17425 380 0 0
15874 380 0 0
26575 380 0 0
15621 380 0 0
24201 380 0 0
18287 380 0 0
21464 380 0 0
8147 380 0 0
30676 380 0 0
7082 380 0 0
5691 380 0 0
16290 380 0 0
19170 380 0 0
20985 380 0 0
11670 380 0 0
937 380 1 0
7673 380 0 0
26642 380 0 0
9672 380 0 0
23419 380 0 0
3121 380 0 0
19293 380 0 0
6021 380 0 0
2608 380 0 0
7925 380 0 0
30329 380 0 0
23483 380 0 0
16656 380 0 0
14214 380 0 0
24245 380 0 0
17447 380 0 0
28886 380 0 0
18554 380 0 0
12697 380 0 0
3734 380 0 0
12080 380 0 0
24375 380 0 0
25181 380 0 0
22122 380 0 0
27715 380 0 0
17075 380 0 0
1903 380 0 0
22043 380 0 0
30757 380 0 0
17109 380 0 0
2031 380 0 0
15518 380 0 0
22627 380 0 0
26154 380 0 0
6452 380 0 0
15182 380 0 0
28028 380 0 0
17535 380 0 0
3143 380 0 0
24225 380 0 0
26722 380 0 0
8188 380 0 0
27493 380 0 0
26738 380 0 0
4093 380 0 0
15974 380 0 0
26495 380 0 0
29979 380 0 0
22186 380 0 0
28068 380 0 0
5563 380 0 0
22794 380 0 0
16310 380 0 0
26558 380 0 0
16850 380 0 0
4674 380 0 0
5350 380 0 0
26387 380 0 0
29490 380 0 0
2521 380 0 0
27632 380 0 0
20433 380 0 0
19260 380 0 0
9593 380 0 0
16730 380 0 0
10621 380 0 0
20997 380 0 0
10465 380 0 0
17207 380 0 0
26736 380 0 0
7224 380 0 0
26468 380 0 0
16766 380 0 0
1877 380 0 0
9136 380 0 0
17767 380 0 0
25430 380 0 0
28846 380 0 0
13567 380 0 0
2532 380 0 0
19649 380 0 0
14415 380 0 0
11500 380 0 0
11670 380 0 0
2391 380 0 0
9439 380 0 0
1519 380 0 0
26655 380 0 0
7292 380 0 0
2396 380 0 0
13749 380 0 0
14900 380 0 0
16775 380 0 0
28310 380 0 0
23200 380 0 0
13941 380 0 0
16706 380 0 0
3249 380 0 0
14662 380 0 0
18241 380 0 0
5998 380 0 0
5285 380 0 0
2544 380 0 0
12939 380 0 0
26686 380 0 0
18879 380 0 0
5658 380 0 0
7000 380 0 0
17882 380 0 0
27424 380 0 0
9719 380 0 0
21315 380 0 0
17884 380 0 0
27963 380 0 0
15852 380 0 0
16742 380 0 0
26324 380 0 0
857 380 1 0
11282 380 0 0
15558 380 0 0
17862 380 0 0
15646 380 0 0
26039 380 0 0
12268 380 0 0
9128 380 0 0
23524 380 0 0
13532 380 0 0
7270 380 0 0
15078 380 0 0
29830 380 0 0
13750 380 0 0
12079 380 0 0
25825 380 0 0
4244 380 0 0
9263 380 0 0
11670 380 0 0
3946 380 0 0
7163 380 0 0
15726 380 0 0
21255 380 0 0
17980 380 0 0
2683 380 0 0
22822 380 0 0
25079 380 0 0
29882 380 0 0
4393 380 0 0
20348 380 0 0
1527 380 0 0
29420 380 0 0
12269 380 0 0
24093 380 0 0
9448 380 0 0
4994 380 0 0
2819 380 0 0
23033 380 0 0
29633 380 0 0
16870 380 0 0
5244 380 0 0
6319 380 0 0
2061 380 0 0
15278 380 0 0
1468 380 1 0
28181 380 0 0
14698 380 0 0
26190 380 0 0
10492 380 0 0
15766 380 0 0
21258 380 0 0
5224 380 0 0
29383 380 0 0
17485 380 0 0
5427 380 0 0
9059 380 0 0
27519 380 0 0
11597 380 0 0
1728 380 0 0
19483 380 0 0
26840 380 0 0
10331 380 0 0
5792 380 0 0
2143 380 0 0
5977 380 0 0
19152 380 0 0
3412 380 0 0
18546 380 0 0
21472 380 0 0
10553 380 0 0
20084 380 0 0
15498 380 0 0
21789 380 0 0
1241 380 1 0
27177 380 0 0
22105 380 0 0
9492 380 0 0
18724 380 0 0
17315 380 0 0
5751 380 0 0
27293 380 0 0
22851 380 0 0
27105 380 0 0
23034 380 0 0
741 380 1 0
11669 380 0 0
19100 380 0 0
29673 380 0 0
27373 380 0 0
16682 380 0 0
21087 380 0 0
17380 380 0 0
15622 380 0 0
20297 380 0 0
26295 380 0 0
16877 380 0 0
26207 380 0 0
24809 380 0 0
4806 380 0 0
26454 380 0 0
10351 380 0 0
10809 380 0 0
18628 380 0 0
11670 380 0 0
6791 380 0 0
14362 380 0 0
29562 380 0 0
23975 380 0 0
30540 380 0 0
28065 380 0 0
22471 380 0 0
12315 380 0 0
8759 380 0 0
20888 380 0 0
17949 380 0 0
735 380 1 0
16660 380 0 0
11261 380 0 0
7171 380 0 0
17240 380 0 0
9603 380 0 0
29567 380 0 0
5522 380 0 0
11670 380 0 0
1657 380 0 0
2822 380 0 0
28410 380 0 0
16002 380 0 0
2494 380 0 0
20266 380 0 0
22013 380 0 0
13036 380 0 0
7534 380 0 0
29624 380 0 0
11121 380 0 0
16542 380 0 0
8570 380 0 0
12594 380 0 0
5312 380 0 0
25688 380 0 0
24870 380 0 0
16974 380 0 0
23913 380 0 0
11770 380 0 0
23691 380 0 0
12661 380 0 0
10367 380 0 0
29143 380 0 0
25109 380 0 0
30275 380 0 0
29223 380 0 0
3638 380 0 0
30723 380 0 0
25355 380 0 0
24859 380 0 0
11670 380 0 0
5612 380 0 0
25170 380 0 0
26668 380 0 0
19548 380 0 0
11830 380 0 0
1106 380 1 0
14265 380 0 0
11766 380 0 0
1951 380 0 0
23670 380 0 0
17605 380 0 0
8888 380 0 0
26295 380 0 0
12002 380 0 0
17395 380 0 0
15661 380 0 0
1890 380 0 0
28138 380 0 0
26713 380 0 0
19157 380 0 0
26200 380 0 0
1944 380 0 0
4550 380 0 0
18850 380 0 0
23206 380 0 0
809 380 1 0
30152 380 0 0
11645 380 0 0
17580 380 0 0
28303 380 0 0
1466 380 1 0
30144 380 0 0
27680 380 0 0
7150 380 0 0
19210 380 0 0
4796 380 0 0
16520 380 0 0
12065 380 0 0
22715 380 0 0
6963 380 0 0
16510 380 0 0
16254 380 0 0
3299 380 0 0
20957 380 0 0
9981 380 0 0
12265 380 0 0
8749 380 0 0
16078 380 0 0
20158 380 0 0
22326 380 0 0
4438 380 0 0
11670 380 0 0
19550 380 0 0
8899 380 0 0
17074 380 0 0
27905 380 0 0
24457 380 0 0
2415 380 0 0
4006 380 0 0
10031 380 0 0
6079 380 0 0
13513 380 0 0
5165 380 0 0
4338 380 0 0
3541 380 0 0
16025 380 0 0
20566 380 0 0
26679 380 0 0
28019 380 0 0
15959 380 0 0
6594 380 0 0
16990 380 0 0
20117 380 0 0
9905 380 0 0
23848 380 0 0
14541 380 0 0
24332 380 0 0
29448 380 0 0
12243 380 0 0
28736 380 0 0
23548 380 0 0
9457 380 0 0
12576 380 0 0
3195 380 0 0
22668 470 0 0
6332 470 0 0
28843 470 0 0
12996 470 0 0
11901 470 0 0
11079 470 0 0
10832 470 0 0
12959 470 0 0
25456 470 0 0
30428 470 0 0
21288 470 0 0
21343 470 0 0
8184 470 0 0
22201 470 0 0
27927 470 0 0
15044 470 0 0
11670 470 0 0
11010 470 0 0
18247 470 0 0
30006 470 0 0
20773 470 0 0
17545 470 0 0
15650 470 0 0
9534 470 0 0
16515 470 0 0
18144 470 0 0
28767 470 0 0
17162 470 0 0
17386 470 0 0
6831 470 0 0
1901 470 0 0
27628 470 0 0
29312 470 0 0
6755 470 0 0
13831 470 0 0
16858 470 0 0
15786 470 0 0
20243 470 0 0
18985 470 0 0
23277 470 0 0
9319 470 0 0
9147 470 0 0
13334 470 0 0
16612 470 0 0
26395 470 0 0
27835 470 0 0
25041 470 0 0
11670 470 0 0
2753 470 0 0
16905 470 0 0
10915 470 0 0
18855 470 0 0
23701 470 0 0
22838 470 0 0
19097 470 0 0
7587 470 0 0
29268 470 0 0
22501 470 0 0
28165 470 0 0
4066 470 0 0
16514 470 0 0
17625 470 0 0
19706 470 0 0
5334 470 0 0
12328 470 0 0
22100 470 0 0
22227 470 0 0
24981 470 0 0
11725 470 0 0
17441 470 0 0
28075 470 0 0
23385 470 0 0
4482 470 0 0
4565 470 0 0
12772 470 0 0
5887 470 0 0
17315 470 0 0
27887 470 0 0
23970 470 0 0
26761 470 0 0
19435 470 0 0
17280 470 0 0
12367 470 0 0
17890 470 0 0
10321 470 0 0
6477 470 0 0
27159 470 0 0
9734 470 0 0
27945 470 0 0
25603 470 0 0
22379 470 0 0
24881 470 0 0
27224 470 0 0
11784 470 0 0
27776 470 0 0
24495 470 0 0
19268 470 0 0
16464 470 0 0
28879 470 0 0
18871 470 0 0
2647 470 0 0
17969 470 0 0
14997 470 0 0
13219 470 0 0
29826 470 0 0
17641 470 0 0
15730 470 0 0
7536 470 0 0
15541 470 0 0
8982 470 0 0
5708 470 0 0
11670 470 0 0
8042 470 0 0
16445 470 0 0
5644 470 0 0
30683 470 0 0
5657 470 0 0
7238 470 0 0
7645 470 0 0
24103 470 0 0
6851 470 0 0
3836 470 0 0
15750 470 0 0
7861 470 0 0
16066 470 0 0
3984 470 0 0
15295 470 0 0
16222 470 0 0
15764 470 0 0
3093 470 0 0
25020 470 0 0
29183 470 0 0
4558 470 0 0
20740 470 0 0
5799 470 0 0
9099 470 0 0
22309 470 0 0
11670 470 0 0
15886 470 0 0
23544 470 0 0
11949 470 0 0
6895 470 0 0
11670 470 0 0
7559 470 0 0
7932 470 0 0
5200 470 0 0
22937 470 0 0
16670 470 0 0
18350 470 0 0
16534 470 0 0
27564 470 0 0
9671 470 0 0
9441 470 0 0
15504 470 0 0
25721 470 0 0
28720 470 0 0
25272 470 0 0
20650 470 0 0
20597 470 0 0
23083 470 0 0
16601 470 0 0
11621 470 0 0
18265 470 0 0
4654 470 0 0
1521 470 0 0
8280 470 0 0
10146 470 0 0
10962 470 0 0
17940 470 0 0
18687 470 0 0
25104 470 0 0
6742 470 0 0
10177 470 0 0
8250 470 0 0
21801 470 0 0
18971 470 0 0
9315 470 0 0
4045 470 0 0
14518 470 0 0
13863 470 0 0
7887 470 0 0
6623 470 0 0
6466 470 0 0
7333 470 0 0
30019 470 0 0
4221 470 0 0
25504 470 0 0
15713 470 0 0
4610 470 0 0
23831 470 0 0
17645 470 0 0
10575 470 0 0
20178 470 0 0
22527 470 0 0
16965 470 0 0
8707 470 0 0
26752 470 0 0
12271 470 0 0
21317 470 0 0
2359 470 0 0
17860 470 0 0
24962 470 0 0
7392 470 0 0
24650 470 0 0
14769 470 0 0
16056 470 0 0
1756 470 0 0
22462 470 0 0
18782 470 0 0
1652 470 0 0
12579 470 0 0
28343 470 0 0
15676 470 0 0
3072 470 0 0
11361 470 0 0
8833 470 0 0
13737 470 0 0
28293 470 0 0
1415 470 1 0
11785 470 0 0
15112 470 0 0
24725 470 0 0
24907 470 0 0
22880 470 0 0
8512 470 0 0
17245 470 0 0
10148 470 0 0
22845 470 0 0
15926 470 0 0
15240 470 0 0
16208 470 0 0
15994 470 0 0
7786 470 0 0
19967 470 0 0
22863 470 0 0
30101 470 0 0
13886 470 0 0
16936 470 0 0
19559 470 0 0
22062 470 0 0
26542 470 0 0
3078 470 0 0
11670 470 0 0
17037 470 0 0
1206 470 1 0
12290 470 0 0
27336 470 0 0
22299 470 0 0
20435 470 0 0
15762 470 0 0
6127 470 0 0
10726 470 0 0
20362 470 0 0
18150 470 0 0
18666 470 0 0
6688 470 0 0
12769 470 0 0
22546 470 0 0
7633 470 0 0
12191 470 0 0
16355 470 0 0
16100 470 0 0
20867 470 0 0
2652 470 0 0
24862 470 0 0
21046 470 0 0
1311 470 1 0
25077 470 0 0
12070 470 0 0
13898 470 0 0
7050 470 0 0
5421 470 0 0
6418 470 0 0
29762 470 0 0
9454 470 0 0
18794 470 0 0
5883 470 0 0
8614 470 0 0
23095 470 0 0
6708 470 0 0
28034 470 0 0
6116 470 0 0
10391 470 0 0
22714 470 0 0
11670 470 0 0
15305 470 0 0
19713 470 0 0
23374 470 0 0
14967 470 0 0
21771 470 0 0
17255 470 0 0
23782 470 0 0
30775 470 0 0
30146 470 0 0
12190 470 0 0
27803 470 0 0
5175 470 0 0
29160 470 0 0
19983 470 0 0
27948 470 0 0
30251 470 0 0
26334 470 0 0
10758 470 0 0
9339 470 0 0
14153 470 0 0
21224 470 0 0
23500 470 0 0
23308 470 0 0
21965 470 0 0
15533 470 0 0
16495 470 0 0
2955 470 0 0
30837 470 0 0
27322 470 0 0
1343 470 1 0
8772 470 0 0
16900 470 0 0
11007 470 0 0
17233 470 0 0
19627 470 0 0
13505 470 0 0
10831 470 0 0
11005 470 0 0
22740 470 0 0
9719 470 0 0
23521 470 0 0
16226 470 0 0
9465 470 0 0
16756 470 0 0
28883 470 0 0
8671 470 0 0
7930 470 0 0
7436 470 0 0
24484 470 0 0
28058 470 0 0
21462 470 0 0
23574 470 0 0
16110 470 0 0
8955 470 0 0
3893 470 0 0
25323 470 0 0
7382 470 0 0
9007 470 0 0
2784 470 0 0
6764 470 0 0
22187 470 0 0
15271 470 0 0
11845 470 0 0
17275 470 0 0
16454 470 0 0
16793 470 0 0
24053 470 0 0
23167 470 0 0
19356 470 0 0
15740 470 0 0
23336 470 0 0
2787 470 0 0
11524 470 0 0
9870 470 0 0
13110 470 0 0
12950 470 0 0
21177 470 0 0
11856 470 0 0
16157 470 0 0
30090 470 0 0
27741 470 0 0
7174 470 0 0
13056 470 0 0
24886 470 0 0
17870 470 0 0
14393 470 0 0
15780 470 0 0
8214 470 0 0
7650 470 0 0
18487 470 0 0
14323 470 0 0
15656 470 0 0
16980 470 0 0
6544 470 0 0
25723 470 0 0
30575 470 0 0
26464 470 0 0
7577 470 0 0
16110 470 0 0
9586 470 0 0
27828 470 0 0
5355 470 0 0
23458 470 0 0
10428 470 0 0
25832 470 0 0
19170 470 0 0
22288 470 0 0
29019 470 0 0
23386 470 0 0
24864 470 0 0
21847 470 0 0
4451 470 0 0
6344 470 0 0
11018 470 0 0
4536 470 0 0
