23495 20 0 0
0 -1000 0 0
0 -1000 0 0
0 -1000 0 0
0 -1000 0 0
28972 20 0 0
0 -1000 0 0
0 -1000 0 0
0 -1000 0 0
0 -1000 0 0
4144 20 0 0
0 -1000 0 0
0 -1000 0 0
0 -1000 0 0
0 -1000 0 0
10125 20 0 0
0 -1000 0 0
0 -1000 0 0
0 -1000 0 0
0 -1000 0 0
13277 20 0 0
0 -1000 0 0
0 -1000 0 0
0 -1000 0 0
0 -1000 0 0
26368 20 0 0
0 -1000 0 0
0 -1000 0 0
0 0 0 0
0 0 0 0
9264 20 0 0
0 0 0 0
0 0 0 0
0 0 0 0
0 0 0 0
627 20 1 1
0 0 0 0
0 0 0 0
0 0 0 0
0 0 0 0
3047 20 0 0
0 0 0 0
0 0 0 0
0 0 0 0
0 0 0 0
19204 20 0 0
0 0 0 0
0 0 0 0
0 0 0 0
0 0 0 0
28026 20 0 0
0 0 0 0
0 0 0 0
0 0 0 0
0 0 0 0
18427 20 0 0
0 0 0 0
0 0 0 0
0 0 0 0
0 0 0 0
6328 20 0 0
0 0 0 0
0 0 0 0
0 0 0 0
0 0 0 0
15610 20 0 0
0 0 0 0
0 0 0 0
0 0 0 0
0 0 0 0
1950 20 0 0
0 0 0 0
0 0 0 0
0 0 0 0
0 0 0 0
12043 20 0 0
0 0 0 0
0 0 0 0
0 0 0 0
0 0 0 0
24185 20 0 0
0 0 0 0
0 0 0 0
0 0 0 0
0 0 0 0
24739 20 0 0
0 0 0 0
0 0 0 0
0 0 0 0
0 0 0 0
2878 20 0 0
0 0 0 0
0 0 0 0
0 0 0 0
0 0 0 0
5067 20 0 0
0 0 0 0
0 0 0 0
0 0 0 0
0 0 0 0
16424 20 0 0
0 0 0 0
0 0 0 0
0 0 0 0
0 0 0 0
14470 20 0 0
0 0 0 0
0 0 0 0
0 0 0 0
0 0 0 0
17809 20 0 0
0 0 0 0
0 0 0 0
0 0 0 0
0 0 0 0
4321 20 0 0
0 0 0 0
0 0 0 0
0 0 0 0
0 0 0 0
24340 20 0 0
0 0 0 0
0 0 0 0
0 0 0 0
0 0 0 0
11670 20 0 0
0 0 0 0
0 0 0 0
0 0 0 0
0 0 0 0
16355 20 0 0
0 0 0 0
0 0 0 0
0 0 0 0
0 0 0 0
27498 20 0 0
0 0 0 0
0 0 0 0
0 0 0 0
0 0 0 0
19044 20 0 0
0 0 0 0
0 0 0 0
0 0 0 0
0 0 0 0
23855 20 0 0
0 0 0 0
0 0 0 0
0 0 0 0
0 0 0 0
5905 20 0 0
0 0 0 0
0 0 0 0
0 0 0 0
0 0 0 0
20087 20 0 0
0 0 0 0
0 0 0 0
0 0 0 0
0 0 0 0
17320 20 0 0
0 0 0 0
0 0 0 0
0 0 0 0
0 0 0 0
10996 20 0 0
0 0 0 0
0 0 0 0
0 0 0 0
0 0 0 0
8976 20 0 0
0 0 0 0
0 0 0 0
0 0 0 0
0 0 0 0
22153 20 0 0
0 0 0 0
0 0 0 0
0 0 0 0
0 0 0 0
13541 20 0 0
0 0 0 0
0 0 0 0
0 0 0 0
0 0 0 0
177 20 1 1
0 0 0 0
0 0 0 0
0 0 0 0
0 0 0 0
28261 20 0 0
0 0 0 0
0 0 0 0
0 0 0 0
0 0 0 0
27931 20 0 0
0 0 0 0
0 0 0 0
0 0 0 0
0 0 0 0
686 20 1 1
0 0 0 0
0 0 0 0
0 0 0 0
0 0 0 0
29092 20 0 0
0 0 0 0
0 0 0 0
0 0 0 0
0 0 0 0
16794 20 0 0
0 0 0 0
0 0 0 0
0 0 0 0
0 0 0 0
29719 20 0 0
0 0 0 0
0 0 0 0
0 0 0 0
0 0 0 0
19040 20 0 0
0 0 0 0
0 0 0 0
0 0 0 0
0 0 0 0
5447 20 0 0
0 0 0 0
0 0 0 0
0 0 0 0
0 0 0 0
26387 20 0 0
0 0 0 0
0 0 0 0
0 0 0 0
0 0 0 0
16733 20 0 0
0 0 0 0
0 0 0 0
0 0 0 0
0 0 0 0
30660 20 0 0
0 0 0 0
0 0 0 0
0 0 0 0
0 0 0 0
30743 20 0 0
0 0 0 0
0 0 0 0
0 0 0 0
0 0 0 0
14813 20 0 0
0 0 0 0
0 0 0 0
0 0 0 0
0 0 0 0
27202 20 0 0
0 0 0 0
0 0 0 0
0 0 0 0
0 0 0 0
4813 20 0 0
0 0 0 0
0 0 0 0
0 0 0 0
0 0 0 0
18548 20 0 0
0 0 0 0
0 0 0 0
0 0 0 0
0 0 0 0
13794 20 0 0
0 0 0 0
0 0 0 0
0 0 0 0
0 0 0 0
24332 20 0 0
0 0 0 0
0 0 0 0
0 0 0 0
0 0 0 0
7530 20 0 0
0 0 0 0
0 0 0 0
0 0 0 0
0 0 0 0
23405 20 0 0
0 0 0 0
0 0 0 0
0 0 0 0
0 0 0 0
21260 20 0 0
0 0 0 0
0 0 0 0
0 0 0 0
0 0 0 0
22137 20 0 0
0 0 0 0
0 0 0 0
0 0 0 0
0 0 0 0
17250 20 0 0
0 0 0 0
0 0 0 0
0 0 0 0
0 0 0 0
11670 20 0 0
0 0 0 0
0 0 0 0
0 0 0 0
0 0 0 0
6362 20 0 0
0 0 0 0
0 0 0 0
0 0 0 0
0 0 0 0
2359 20 0 0
0 0 0 0
0 0 0 0
0 0 0 0
0 0 0 0
22989 20 0 0
0 0 0 0
0 0 0 0
0 0 0 0
0 0 0 0
9221 20 0 0
0 0 0 0
0 0 0 0
0 0 0 0
0 0 0 0
17886 20 0 0
0 0 0 0
0 0 0 0
0 0 0 0
0 0 0 0
15723 20 0 0
0 0 0 0
0 0 0 0
0 0 0 0
0 0 0 0
11927 20 0 0
0 0 0 0
0 0 0 0
0 0 0 0
0 0 0 0
17611 20 0 0
0 0 0 0
0 0 0 0
0 0 0 0
0 0 0 0
18241 20 0 0
0 0 0 0
0 0 0 0
0 0 0 0
0 0 0 0
8749 20 0 0
0 0 0 0
0 0 0 0
0 0 0 0
0 0 0 0
10242 20 0 0
0 0 0 0
0 0 0 0
0 0 0 0
0 0 0 0
13693 20 0 0
0 0 0 0
0 0 0 0
0 0 0 0
0 0 0 0
11670 20 0 0
0 0 0 0
0 0 0 0
0 0 0 0
0 0 0 0
16250 20 0 0
0 0 0 0
0 0 0 0
0 0 0 0
0 0 0 0
13347 20 0 0
0 0 0 0
0 0 0 0
0 0 0 0
0 0 0 0
12595 20 0 0
0 0 0 0
0 0 0 0
0 0 0 0
0 0 0 0
24991 20 0 0
0 0 0 0
0 0 0 0
0 0 0 0
0 0 0 0
7036 20 0 0
0 0 0 0
0 0 0 0
0 0 0 0
0 0 0 0
26592 110 0 0
0 -1000 0 0
0 -1000 0 0
0 -1000 0 0
0 -1000 0 0
15785 110 0 0
0 -1000 0 0
0 -1000 0 0
0 -1000 0 0
0 -1000 0 0
27422 110 0 0
0 -1000 0 0
0 -1000 0 0
0 -1000 0 0
0 -1000 0 0
15034 110 0 0
0 -1000 0 0
0 -1000 0 0
0 -1000 0 0
0 -1000 0 0
29855 110 0 0
0 -1000 0 0
0 -1000 0 0
0 -1000 0 0
0 -1000 0 0
10745 110 0 0
0 -1000 0 0
0 -1000 0 0
0 -1000 0 0
0 -1000 0 0
5677 110 0 0
0 -1000 0 0
0 -1000 0 0
0 -1000 0 0
0 -1000 0 0
24500 110 0 0
0 -1000 0 0
0 -1000 0 0
0 -1000 0 0
0 -1000 0 0
17305 110 0 0
0 0 0 0
0 0 0 0
0 0 0 0
0 0 0 0
22544 110 0 0
0 0 0 0
0 0 0 0
0 0 0 0
0 0 0 0
18960 110 0 0
0 0 0 0
0 0 0 0
0 0 0 0
0 0 0 0
29073 110 0 0
0 0 0 0
0 0 0 0
0 0 0 0
0 0 0 0
4724 110 0 0
0 0 0 0
0 0 0 0
0 0 0 0
0 0 0 0
9196 110 0 0
0 0 0 0
0 0 0 0
0 0 0 0
0 0 0 0
18331 110 0 0
0 0 0 0
0 0 0 0
0 0 0 0
0 0 0 0
24336 110 0 0
0 0 0 0
0 0 0 0
0 0 0 0
0 0 0 0
8080 110 0 0
0 0 0 0
0 0 0 0
0 0 0 0
0 0 0 0
17260 110 0 0
0 0 0 0
0 0 0 0
0 0 0 0
0 0 0 0
10340 110 0 0
0 0 0 0
0 0 0 0
0 0 0 0
0 0 0 0
16430 110 0 0
0 0 0 0
0 0 0 0
0 0 0 0
0 0 0 0
18520 110 0 0
0 0 0 0
0 0 0 0
0 0 0 0
0 0 0 0
21218 110 0 0
0 0 0 0
0 0 0 0
0 0 0 0
0 0 0 0
14408 110 0 0
0 0 0 0
0 0 0 0
0 0 0 0
0 0 0 0
12712 110 0 0
0 0 0 0
0 0 0 0
0 0 0 0
0 0 0 0
17498 110 0 0
0 0 0 0
0 0 0 0
0 0 0 0
0 0 0 0
16382 110 0 0
0 0 0 0
0 0 0 0
0 0 0 0
0 0 0 0
24294 110 0 0
0 0 0 0
0 0 0 0
0 0 0 0
0 0 0 0
13943 110 0 0
0 0 0 0
0 0 0 0
0 0 0 0
0 0 0 0
20902 110 0 0
0 0 0 0
0 0 0 0
0 0 0 0
0 0 0 0
19358 110 0 0
0 0 0 0
0 0 0 0
0 0 0 0
0 0 0 0
6432 110 0 0
0 0 0 0
0 0 0 0
0 0 0 0
0 0 0 0
24913 110 0 0
0 0 0 0
0 0 0 0
0 0 0 0
0 0 0 0
13906 110 0 0
0 0 0 0
0 0 0 0
0 0 0 0
0 0 0 0
7144 110 0 0
0 0 0 0
0 0 0 0
0 0 0 0
0 0 0 0
486 110 1 1
0 0 0 0
0 0 0 0
0 0 0 0
0 0 0 0
1067 110 0 0
0 0 0 0
0 0 0 0
0 0 0 0
0 0 0 0
20984 110 0 0
0 0 0 0
0 0 0 0
0 0 0 0
0 0 0 0
15602 110 0 0
0 0 0 0
0 0 0 0
0 0 0 0
0 0 0 0
28494 110 0 0
0 0 0 0
0 0 0 0
0 0 0 0
0 0 0 0
23070 110 0 0
0 0 0 0
0 0 0 0
0 0 0 0
0 0 0 0
16182 110 0 0
0 0 0 0
0 0 0 0
0 0 0 0
0 0 0 0
21766 110 0 0
0 0 0 0
0 0 0 0
0 0 0 0
0 0 0 0
5339 110 0 0
0 0 0 0
0 0 0 0
0 0 0 0
0 0 0 0
1253 110 0 0
0 0 0 0
0 0 0 0
0 0 0 0
0 0 0 0
1323 110 0 0
0 0 0 0
0 0 0 0
0 0 0 0
0 0 0 0
19634 110 0 0
0 0 0 0
0 0 0 0
0 0 0 0
0 0 0 0
17468 110 0 0
0 0 0 0
0 0 0 0
0 0 0 0
0 0 0 0
6753 110 0 0
0 0 0 0
0 0 0 0
0 0 0 0
0 0 0 0
22782 110 0 0
0 0 0 0
0 0 0 0
0 0 0 0
0 0 0 0
17210 110 0 0
0 0 0 0
0 0 0 0
0 0 0 0
0 0 0 0
13094 110 0 0
0 0 0 0
0 0 0 0
0 0 0 0
0 0 0 0
16918 110 0 0
0 0 0 0
0 0 0 0
0 0 0 0
0 0 0 0
28504 110 0 0
0 0 0 0
0 0 0 0
0 0 0 0
0 0 0 0
28113 110 0 0
0 0 0 0
0 0 0 0
0 0 0 0
0 0 0 0
21910 110 0 0
0 0 0 0
0 0 0 0
0 0 0 0
0 0 0 0
25261 110 0 0
0 0 0 0
0 0 0 0
0 0 0 0
0 0 0 0
24039 110 0 0
0 0 0 0
0 0 0 0
0 0 0 0
0 0 0 0
16214 110 0 0
0 0 0 0
0 0 0 0
0 0 0 0
0 0 0 0
18250 110 0 0
0 0 0 0
0 0 0 0
0 0 0 0
0 0 0 0
24435 110 0 0
0 0 0 0
0 0 0 0
0 0 0 0
0 0 0 0
3292 110 0 0
0 0 0 0
0 0 0 0
0 0 0 0
0 0 0 0
27202 110 0 0
0 0 0 0
0 0 0 0
0 0 0 0
0 0 0 0
17734 110 0 0
0 0 0 0
0 0 0 0
0 0 0 0
0 0 0 0
26071 110 0 0
0 0 0 0
0 0 0 0
0 0 0 0
0 0 0 0
14443 110 0 0
0 0 0 0
0 0 0 0
0 0 0 0
0 0 0 0
29003 110 0 0
0 0 0 0
0 0 0 0
0 0 0 0
0 0 0 0
14162 110 0 0
0 0 0 0
0 0 0 0
0 0 0 0
0 0 0 0
19181 110 0 0
0 0 0 0
0 0 0 0
0 0 0 0
0 0 0 0
327 110 1 1
0 0 0 0
0 0 0 0
0 0 0 0
0 0 0 0
26119 110 0 0
0 0 0 0
0 0 0 0
0 0 0 0
0 0 0 0
18808 110 0 0
0 0 0 0
0 0 0 0
0 0 0 0
0 0 0 0
15578 110 0 0
0 0 0 0
0 0 0 0
0 0 0 0
0 0 0 0
4934 110 0 0
0 0 0 0
0 0 0 0
0 0 0 0
0 0 0 0
28496 110 0 0
0 0 0 0
0 0 0 0
0 0 0 0
0 0 0 0
5513 110 0 0
0 0 0 0
0 0 0 0
0 0 0 0
0 0 0 0
27833 110 0 0
0 0 0 0
0 0 0 0
0 0 0 0
0 0 0 0
19600 110 0 0
0 0 0 0
0 0 0 0
0 0 0 0
0 0 0 0
19301 110 0 0
0 0 0 0
0 0 0 0
0 0 0 0
0 0 0 0
23703 110 0 0
0 0 0 0
0 0 0 0
0 0 0 0
0 0 0 0
17226 110 0 0
0 0 0 0
0 0 0 0
0 0 0 0
0 0 0 0
4974 200 0 0
0 -1000 0 0
0 -1000 0 0
0 -1000 0 0
0 -1000 0 0
17030 200 0 0
0 -1000 0 0
0 -1000 0 0
0 -1000 0 0
0 -1000 0 0
16895 200 0 0
0 -1000 0 0
0 -1000 0 0
0 -1000 0 0
0 -1000 0 0
1656 200 0 0
0 -1000 0 0
0 -1000 0 0
0 -1000 0 0
0 -1000 0 0
21922 200 0 0
0 -1000 0 0
0 -1000 0 0
0 -1000 0 0
0 -1000 0 0
8112 200 0 0
0 -1000 0 0
0 -1000 0 0
0 -1000 0 0
0 -1000 0 0
23336 200 0 0
0 -1000 0 0
0 -1000 0 0
0 -1000 0 0
0 -1000 0 0
26099 200 0 0
0 -1000 0 0
0 -1000 0 0
0 -1000 0 0
0 -1000 0 0
15706 200 0 0
0 0 0 0
0 0 0 0
0 0 0 0
0 0 0 0
25224 200 0 0
0 0 0 0
0 0 0 0
0 0 0 0
0 0 0 0
12218 200 0 0
0 0 0 0
0 0 0 0
0 0 0 0
0 0 0 0
20621 200 0 0
0 0 0 0
0 0 0 0
0 0 0 0
0 0 0 0
22008 200 0 0
0 0 0 0
0 0 0 0
0 0 0 0
0 0 0 0
10389 200 0 0
0 0 0 0
0 0 0 0
0 0 0 0
0 0 0 0
17080 200 0 0
0 0 0 0
0 0 0 0
0 0 0 0
0 0 0 0
13189 200 0 0
0 0 0 0
0 0 0 0
0 0 0 0
0 0 0 0
11013 200 0 0
0 0 0 0
0 0 0 0
0 0 0 0
0 0 0 0
24751 200 0 0
0 0 0 0
0 0 0 0
0 0 0 0
0 0 0 0
7390 200 0 0
0 0 0 0
0 0 0 0
0 0 0 0
0 0 0 0
23341 200 0 0
0 0 0 0
0 0 0 0
0 0 0 0
0 0 0 0
11954 200 0 0
0 0 0 0
0 0 0 0
0 0 0 0
0 0 0 0
6786 200 0 0
0 0 0 0
0 0 0 0
0 0 0 0
0 0 0 0
16409 200 0 0
0 0 0 0
0 0 0 0
0 0 0 0
0 0 0 0
27246 200 0 0
0 0 0 0
0 0 0 0
0 0 0 0
0 0 0 0
26582 200 0 0
0 0 0 0
0 0 0 0
0 0 0 0
0 0 0 0
9744 200 0 0
0 0 0 0
0 0 0 0
0 0 0 0
0 0 0 0
27403 200 0 0
0 0 0 0
0 0 0 0
0 0 0 0
0 0 0 0
8769 200 0 0
0 0 0 0
0 0 0 0
0 0 0 0
0 0 0 0
22973 200 0 0
0 0 0 0
0 0 0 0
0 0 0 0
0 0 0 0
769 200 1 1
0 0 0 0
0 0 0 0
0 0 0 0
0 0 0 0
11402 200 0 0
0 0 0 0
0 0 0 0
0 0 0 0
0 0 0 0
15594 200 0 0
0 0 0 0
0 0 0 0
0 0 0 0
0 0 0 0
17505 200 0 0
0 0 0 0
0 0 0 0
0 0 0 0
0 0 0 0
8452 200 0 0
0 0 0 0
0 0 0 0
0 0 0 0
0 0 0 0
18208 200 0 0
0 0 0 0
0 0 0 0
0 0 0 0
0 0 0 0
17820 200 0 0
0 0 0 0
0 0 0 0
0 0 0 0
0 0 0 0
6218 200 0 0
0 0 0 0
0 0 0 0
0 0 0 0
0 0 0 0
28047 200 0 0
0 0 0 0
0 0 0 0
0 0 0 0
0 0 0 0
25738 200 0 0
0 0 0 0
0 0 0 0
0 0 0 0
0 0 0 0
10146 200 0 0
0 0 0 0
0 0 0 0
0 0 0 0
0 0 0 0
16715 200 0 0
0 0 0 0
0 0 0 0
0 0 0 0
0 0 0 0
13601 200 0 0
0 0 0 0
0 0 0 0
0 0 0 0
0 0 0 0
6459 200 0 0
0 0 0 0
0 0 0 0
0 0 0 0
0 0 0 0
11165 200 0 0
0 0 0 0
0 0 0 0
0 0 0 0
0 0 0 0
25288 200 0 0
0 0 0 0
0 0 0 0
0 0 0 0
0 0 0 0
20957 200 0 0
0 0 0 0
0 0 0 0
0 0 0 0
0 0 0 0
14297 200 0 0
0 0 0 0
0 0 0 0
0 0 0 0
0 0 0 0
1724 200 0 0
0 0 0 0
0 0 0 0
0 0 0 0
0 0 0 0
27343 200 0 0
0 0 0 0
0 0 0 0
0 0 0 0
0 0 0 0
11070 200 0 0
0 0 0 0
0 0 0 0
0 0 0 0
0 0 0 0
29884 200 0 0
0 0 0 0
0 0 0 0
0 0 0 0
0 0 0 0
3059 200 0 0
0 0 0 0
0 0 0 0
0 0 0 0
0 0 0 0
22756 200 0 0
0 0 0 0
0 0 0 0
0 0 0 0
0 0 0 0
1423 200 0 0
0 0 0 0
0 0 0 0
0 0 0 0
0 0 0 0
22900 200 0 0
0 0 0 0
0 0 0 0
0 0 0 0
0 0 0 0
24777 200 0 0
0 0 0 0
0 0 0 0
0 0 0 0
0 0 0 0
6528 200 0 0
0 0 0 0
0 0 0 0
0 0 0 0
0 0 0 0
8562 200 0 0
0 0 0 0
0 0 0 0
0 0 0 0
0 0 0 0
2114 200 0 0
0 0 0 0
0 0 0 0
0 0 0 0
0 0 0 0
17624 200 0 0
0 0 0 0
0 0 0 0
0 0 0 0
0 0 0 0
12687 200 0 0
0 0 0 0
0 0 0 0
0 0 0 0
0 0 0 0
11100 200 0 0
0 0 0 0
0 0 0 0
0 0 0 0
0 0 0 0
20379 200 0 0
0 0 0 0
0 0 0 0
0 0 0 0
0 0 0 0
10576 200 0 0
0 0 0 0
0 0 0 0
0 0 0 0
0 0 0 0
14832 200 0 0
0 0 0 0
0 0 0 0
0 0 0 0
0 0 0 0
16078 200 0 0
0 0 0 0
0 0 0 0
0 0 0 0
0 0 0 0
3499 200 0 0
0 0 0 0
0 0 0 0
0 0 0 0
0 0 0 0
6259 200 0 0
0 0 0 0
0 0 0 0
0 0 0 0
0 0 0 0
10999 200 0 0
0 0 0 0
0 0 0 0
0 0 0 0
0 0 0 0
9018 200 0 0
0 0 0 0
0 0 0 0
0 0 0 0
0 0 0 0
25550 200 0 0
0 0 0 0
0 0 0 0
0 0 0 0
0 0 0 0
27929 200 0 0
0 0 0 0
0 0 0 0
0 0 0 0
0 0 0 0
30701 200 0 0
0 0 0 0
0 0 0 0
0 0 0 0
0 0 0 0
20669 200 0 0
0 0 0 0
0 0 0 0
0 0 0 0
0 0 0 0
14870 200 0 0
0 0 0 0
0 0 0 0
0 0 0 0
0 0 0 0
23084 200 0 0
0 0 0 0
0 0 0 0
0 0 0 0
0 0 0 0
16014 200 0 0
0 0 0 0
0 0 0 0
0 0 0 0
0 0 0 0
15974 200 0 0
0 0 0 0
0 0 0 0
0 0 0 0
0 0 0 0
4810 200 0 0
0 0 0 0
0 0 0 0
0 0 0 0
0 0 0 0
16938 200 0 0
0 0 0 0
0 0 0 0
0 0 0 0
0 0 0 0
13034 290 0 0
0 -1000 0 0
0 -1000 0 0
0 -1000 0 0
0 -1000 0 0
15650 290 0 0
0 -1000 0 0
0 -1000 0 0
0 -1000 0 0
0 -1000 0 0
12557 290 0 0
0 -1000 0 0
0 -1000 0 0
0 -1000 0 0
0 -1000 0 0
27806 290 0 0
0 -1000 0 0
0 -1000 0 0
0 -1000 0 0
0 -1000 0 0
15470 290 0 0
0 -1000 0 0
0 -1000 0 0
0 -1000 0 0
0 -1000 0 0
7385 290 0 0
0 -1000 0 0
0 -1000 0 0
0 -1000 0 0
0 -1000 0 0
10253 290 0 0
0 -1000 0 0
0 -1000 0 0
0 -1000 0 0
0 -1000 0 0
2156 290 0 0
0 -1000 0 0
0 -1000 0 0
0 -1000 0 0
0 -1000 0 0
9494 290 0 0
0 -1000 0 0
0 -1000 0 0
0 -1000 0 0
0 -1000 0 0
23159 290 0 0
0 -1000 0 0
0 -1000 0 0
0 -1000 0 0
0 0 0 0
16030 290 0 0
0 0 0 0
0 0 0 0
0 0 0 0
0 0 0 0
7568 290 0 0
0 0 0 0
0 0 0 0
0 0 0 0
0 0 0 0
28910 290 0 0
0 0 0 0
0 0 0 0
0 0 0 0
0 0 0 0
2285 290 0 0
0 0 0 0
0 0 0 0
0 0 0 0
0 0 0 0
20691 290 0 0
0 0 0 0
0 0 0 0
0 0 0 0
0 0 0 0
14287 290 0 0
0 0 0 0
0 0 0 0
0 0 0 0
0 0 0 0
13862 290 0 0
0 0 0 0
0 0 0 0
0 0 0 0
0 0 0 0
5936 290 0 0
0 0 0 0
0 0 0 0
0 0 0 0
0 0 0 0
3674 290 0 0
0 0 0 0
0 0 0 0
0 0 0 0
0 0 0 0
5551 290 0 0
0 0 0 0
0 0 0 0
0 0 0 0
0 0 0 0
15810 290 0 0
0 0 0 0
0 0 0 0
0 0 0 0
0 0 0 0
25018 290 0 0
0 0 0 0
0 0 0 0
0 0 0 0
0 0 0 0
16538 290 0 0
0 0 0 0
0 0 0 0
0 0 0 0
0 0 0 0
16891 290 0 0
0 0 0 0
0 0 0 0
0 0 0 0
0 0 0 0
8494 290 0 0
0 0 0 0
0 0 0 0
0 0 0 0
0 0 0 0
21511 290 0 0
0 0 0 0
0 0 0 0
0 0 0 0
0 0 0 0
38 -1000 1 1
0 0 0 0
0 0 0 0
0 0 0 0
0 0 0 0
15684 290 0 0
0 0 0 0
0 0 0 0
0 0 0 0
0 0 0 0
26514 290 0 0
0 0 0 0
0 0 0 0
0 0 0 0
0 0 0 0
6682 290 0 0
0 0 0 0
0 0 0 0
0 0 0 0
0 0 0 0
24120 290 0 0
0 0 0 0
0 0 0 0
0 0 0 0
0 0 0 0
14172 290 0 0
0 0 0 0
0 0 0 0
0 0 0 0
0 0 0 0
29569 290 0 0
0 0 0 0
0 0 0 0
0 0 0 0
0 0 0 0
25080 290 0 0
0 0 0 0
0 0 0 0
0 0 0 0
0 0 0 0
2752 290 0 0
0 0 0 0
0 0 0 0
0 0 0 0
0 0 0 0
22748 290 0 0
0 0 0 0
0 0 0 0
0 0 0 0
0 0 0 0
28765 290 0 0
0 0 0 0
0 0 0 0
0 0 0 0
0 0 0 0
11561 290 0 0
0 0 0 0
0 0 0 0
0 0 0 0
0 0 0 0
6558 290 0 0
0 0 0 0
0 0 0 0
0 0 0 0
0 0 0 0
7325 290 0 0
0 0 0 0
0 0 0 0
0 0 0 0
0 0 0 0
15537 290 0 0
0 0 0 0
0 0 0 0
0 0 0 0
0 0 0 0
12860 290 0 0
0 0 0 0
0 0 0 0
0 0 0 0
0 0 0 0
11516 290 0 0
0 0 0 0
0 0 0 0
0 0 0 0
0 0 0 0
14656 290 0 0
0 0 0 0
0 0 0 0
0 0 0 0
0 0 0 0
10151 290 0 0
0 0 0 0
0 0 0 0
0 0 0 0
0 0 0 0
20034 290 0 0
0 0 0 0
0 0 0 0
0 0 0 0
0 0 0 0
16386 290 0 0
0 0 0 0
0 0 0 0
0 0 0 0
0 0 0 0
6825 290 0 0
0 0 0 0
0 0 0 0
0 0 0 0
0 0 0 0
16017 290 0 0
0 0 0 0
0 0 0 0
0 0 0 0
0 0 0 0
1617 290 0 0
0 0 0 0
0 0 0 0
0 0 0 0
0 0 0 0
27223 290 0 0
0 0 0 0
0 0 0 0
0 0 0 0
0 0 0 0
27517 290 0 0
0 0 0 0
0 0 0 0
0 0 0 0
0 0 0 0
10851 290 0 0
0 0 0 0
0 0 0 0
0 0 0 0
0 0 0 0
6401 290 0 0
0 0 0 0
0 0 0 0
0 0 0 0
0 0 0 0
10653 290 0 0
0 0 0 0
0 0 0 0
0 0 0 0
0 0 0 0
11946 290 0 0
0 0 0 0
0 0 0 0
0 0 0 0
0 0 0 0
7477 290 0 0
0 0 0 0
0 0 0 0
0 0 0 0
0 0 0 0
8175 290 0 0
0 0 0 0
0 0 0 0
0 0 0 0
0 0 0 0
29429 290 0 0
0 0 0 0
0 0 0 0
0 0 0 0
0 0 0 0
26845 290 0 0
0 0 0 0
0 0 0 0
0 0 0 0
0 0 0 0
20420 290 0 0
0 0 0 0
0 0 0 0
0 0 0 0
0 0 0 0
16703 290 0 0
0 0 0 0
0 0 0 0
0 0 0 0
0 0 0 0
19069 290 0 0
0 0 0 0
0 0 0 0
0 0 0 0
0 0 0 0
23051 290 0 0
0 0 0 0
0 0 0 0
0 0 0 0
0 0 0 0
3824 290 0 0
0 0 0 0
0 0 0 0
0 0 0 0
0 0 0 0
28947 290 0 0
0 0 0 0
0 0 0 0
0 0 0 0
0 0 0 0
21815 290 0 0
0 0 0 0
0 0 0 0
0 0 0 0
0 0 0 0
18155 290 0 0
0 0 0 0
0 0 0 0
0 0 0 0
0 0 0 0
22845 290 0 0
0 0 0 0
0 0 0 0
0 0 0 0
0 0 0 0
17175 290 0 0
0 0 0 0
0 0 0 0
0 0 0 0
0 0 0 0
16011 290 0 0
0 0 0 0
0 0 0 0
0 0 0 0
0 0 0 0
21113 290 0 0
0 0 0 0
0 0 0 0
0 0 0 0
0 0 0 0
3156 290 0 0
0 0 0 0
0 0 0 0
0 0 0 0
0 0 0 0
19448 290 0 0
0 0 0 0
0 0 0 0
0 0 0 0
0 0 0 0
11714 290 0 0
0 0 0 0
0 0 0 0
0 0 0 0
0 0 0 0
26483 290 0 0
0 0 0 0
0 0 0 0
0 0 0 0
0 0 0 0
8833 290 0 0
0 0 0 0
0 0 0 0
0 0 0 0
0 0 0 0
4838 290 0 0
0 0 0 0
0 0 0 0
0 0 0 0
0 0 0 0
19339 290 0 0
0 0 0 0
0 0 0 0
0 0 0 0
0 0 0 0
12765 290 0 0
0 0 0 0
0 0 0 0
0 0 0 0
0 0 0 0
15610 380 0 0
0 -1000 0 0
0 -1000 0 0
0 -1000 0 0
0 -1000 0 0
6437 380 0 0
0 -1000 0 0
0 -1000 0 0
0 -1000 0 0
0 -1000 0 0
18628 380 0 0
0 -1000 0 0
0 -1000 0 0
0 -1000 0 0
0 -1000 0 0
4726 380 0 0
0 -1000 0 0
0 -1000 0 0
0 -1000 0 0
0 -1000 0 0
20351 380 0 0
0 -1000 0 0
0 -1000 0 0
0 -1000 0 0
0 -1000 0 0
16570 380 0 0
0 -1000 0 0
0 -1000 0 0
0 -1000 0 0
0 -1000 0 0
26575 380 0 0
0 -1000 0 0
0 -1000 0 0
0 -1000 0 0
0 -1000 0 0
8147 380 0 0
0 -1000 0 0
0 -1000 0 0
0 -1000 0 0
0 -1000 0 0
19170 380 0 0
0 -1000 0 0
0 -1000 0 0
0 -1000 0 0
0 -1000 0 0
26642 380 0 0
0 -1000 0 0
0 -1000 0 0
0 -1000 0 0
0 -1000 0 0
6021 380 0 0
0 -1000 0 0
0 0 0 0
0 0 0 0
0 0 0 0
16656 380 0 0
0 0 0 0
0 0 0 0
0 0 0 0
0 0 0 0
18554 380 0 0
0 0 0 0
0 0 0 0
0 0 0 0
0 0 0 0
25181 380 0 0
0 0 0 0
0 0 0 0
0 0 0 0
0 0 0 0
22043 380 0 0
0 0 0 0
0 0 0 0
0 0 0 0
0 0 0 0
22627 380 0 0
0 0 0 0
0 0 0 0
0 0 0 0
0 0 0 0
17535 380 0 0
0 0 0 0
0 0 0 0
0 0 0 0
0 0 0 0
27493 380 0 0
0 0 0 0
0 0 0 0
0 0 0 0
0 0 0 0
29979 380 0 0
0 0 0 0
0 0 0 0
0 0 0 0
0 0 0 0
16310 380 0 0
0 0 0 0
0 0 0 0
0 0 0 0
0 0 0 0
26387 380 0 0
0 0 0 0
0 0 0 0
0 0 0 0
0 0 0 0
19260 380 0 0
0 0 0 0
0 0 0 0
0 0 0 0
0 0 0 0
10465 380 0 0
0 0 0 0
0 0 0 0
0 0 0 0
0 0 0 0
16766 380 0 0
0 0 0 0
0 0 0 0
0 0 0 0
0 0 0 0
28846 380 0 0
0 0 0 0
0 0 0 0
0 0 0 0
0 0 0 0
11500 380 0 0
0 0 0 0
0 0 0 0
0 0 0 0
0 0 0 0
26655 380 0 0
0 0 0 0
0 0 0 0
0 0 0 0
0 0 0 0
16775 380 0 0
0 0 0 0
0 0 0 0
0 0 0 0
0 0 0 0
3249 380 0 0
0 0 0 0
0 0 0 0
0 0 0 0
0 0 0 0
2544 380 0 0
0 0 0 0
0 0 0 0
0 0 0 0
0 0 0 0
7000 380 0 0
0 0 0 0
0 0 0 0
0 0 0 0
0 0 0 0
17884 380 0 0
0 0 0 0
0 0 0 0
0 0 0 0
0 0 0 0
857 380 1 1
0 0 0 0
0 0 0 0
0 0 0 0
0 0 0 0
26039 380 0 0
0 0 0 0
0 0 0 0
0 0 0 0
0 0 0 0
7270 380 0 0
0 0 0 0
0 0 0 0
0 0 0 0
0 0 0 0
25825 380 0 0
0 0 0 0
0 0 0 0
0 0 0 0
0 0 0 0
7163 380 0 0
0 0 0 0
0 0 0 0
0 0 0 0
0 0 0 0
22822 380 0 0
0 0 0 0
0 0 0 0
0 0 0 0
0 0 0 0
1527 380 0 0
0 0 0 0
0 0 0 0
0 0 0 0
0 0 0 0
4994 380 0 0
0 0 0 0
0 0 0 0
0 0 0 0
0 0 0 0
5244 380 0 0
0 0 0 0
0 0 0 0
0 0 0 0
0 0 0 0
28181 380 0 0
0 0 0 0
0 0 0 0
0 0 0 0
0 0 0 0
21258 380 0 0
0 0 0 0
0 0 0 0
0 0 0 0
0 0 0 0
9059 380 0 0
0 0 0 0
0 0 0 0
0 0 0 0
0 0 0 0
26840 380 0 0
0 0 0 0
0 0 0 0
0 0 0 0
0 0 0 0
19152 380 0 0
0 0 0 0
0 0 0 0
0 0 0 0
0 0 0 0
20084 380 0 0
0 0 0 0
0 0 0 0
0 0 0 0
0 0 0 0
22105 380 0 0
0 0 0 0
0 0 0 0
0 0 0 0
0 0 0 0
27293 380 0 0
0 0 0 0
0 0 0 0
0 0 0 0
0 0 0 0
11669 380 0 0
0 0 0 0
0 0 0 0
0 0 0 0
0 0 0 0
21087 380 0 0
0 0 0 0
0 0 0 0
0 0 0 0
0 0 0 0
16877 380 0 0
0 0 0 0
0 0 0 0
0 0 0 0
0 0 0 0
10351 380 0 0
0 0 0 0
0 0 0 0
0 0 0 0
0 0 0 0
14362 380 0 0
0 0 0 0
0 0 0 0
0 0 0 0
0 0 0 0
22471 380 0 0
0 0 0 0
0 0 0 0
0 0 0 0
0 0 0 0
610 380 1 1
0 0 0 0
0 0 0 0
0 0 0 0
0 0 0 0
9603 380 0 0
0 0 0 0
0 0 0 0
0 0 0 0
0 0 0 0
2822 380 0 0
0 0 0 0
0 0 0 0
0 0 0 0
0 0 0 0
22013 380 0 0
0 0 0 0
0 0 0 0
0 0 0 0
0 0 0 0
16542 380 0 0
0 0 0 0
0 0 0 0
0 0 0 0
0 0 0 0
24870 380 0 0
0 0 0 0
0 0 0 0
0 0 0 0
0 0 0 0
12661 380 0 0
0 0 0 0
0 0 0 0
0 0 0 0
0 0 0 0
29223 380 0 0
0 0 0 0
0 0 0 0
0 0 0 0
0 0 0 0
11670 380 0 0
0 0 0 0
0 0 0 0
0 0 0 0
0 0 0 0
11830 380 0 0
0 0 0 0
0 0 0 0
0 0 0 0
0 0 0 0
23670 380 0 0
0 0 0 0
0 0 0 0
0 0 0 0
0 0 0 0
17395 380 0 0
0 0 0 0
0 0 0 0
0 0 0 0
0 0 0 0
19157 380 0 0
0 0 0 0
0 0 0 0
0 0 0 0
0 0 0 0
23206 380 0 0
0 0 0 0
0 0 0 0
0 0 0 0
0 0 0 0
28303 380 0 0
0 0 0 0
0 0 0 0
0 0 0 0
0 0 0 0
19210 380 0 0
0 0 0 0
0 0 0 0
0 0 0 0
0 0 0 0
6963 380 0 0
0 0 0 0
0 0 0 0
0 0 0 0
0 0 0 0
9981 380 0 0
0 0 0 0
0 0 0 0
0 0 0 0
0 0 0 0
22326 380 0 0
0 0 0 0
0 0 0 0
0 0 0 0
0 0 0 0
17074 380 0 0
0 0 0 0
0 0 0 0
0 0 0 0
0 0 0 0
10031 380 0 0
0 0 0 0
0 0 0 0
0 0 0 0
0 0 0 0
3541 380 0 0
0 0 0 0
0 0 0 0
0 0 0 0
0 0 0 0
15959 380 0 0
0 0 0 0
0 0 0 0
0 0 0 0
0 0 0 0
23848 380 0 0
0 0 0 0
0 0 0 0
0 0 0 0
0 0 0 0
28736 380 0 0
0 0 0 0
0 0 0 0
0 0 0 0
0 0 0 0
22668 470 0 0
0 -1000 0 0
0 -1000 0 0
0 -1000 0 0
0 -1000 0 0
11079 470 0 0
0 -1000 0 0
0 -1000 0 0
0 -1000 0 0
0 -1000 0 0
21288 470 0 0
0 -1000 0 0
0 -1000 0 0
0 -1000 0 0
0 -1000 0 0
15044 470 0 0
0 -1000 0 0
0 -1000 0 0
0 -1000 0 0
0 -1000 0 0
20773 470 0 0
0 -1000 0 0
0 -1000 0 0
0 -1000 0 0
0 -1000 0 0
18144 470 0 0
0 -1000 0 0
0 -1000 0 0
0 -1000 0 0
0 -1000 0 0
1901 470 0 0
0 -1000 0 0
0 -1000 0 0
0 -1000 0 0
0 -1000 0 0
16858 470 0 0
0 -1000 0 0
0 -1000 0 0
0 -1000 0 0
0 -1000 0 0
9319 470 0 0
0 -1000 0 0
0 -1000 0 0
0 -1000 0 0
0 -1000 0 0
27835 470 0 0
0 -1000 0 0
0 -1000 0 0
0 -1000 0 0
0 0 0 0
10915 470 0 0
0 0 0 0
0 0 0 0
0 0 0 0
0 0 0 0
7587 470 0 0
0 0 0 0
0 0 0 0
0 0 0 0
0 0 0 0
16514 470 0 0
0 0 0 0
0 0 0 0
0 0 0 0
0 0 0 0
22100 470 0 0
0 0 0 0
0 0 0 0
0 0 0 0
0 0 0 0
28075 470 0 0
0 0 0 0
0 0 0 0
0 0 0 0
0 0 0 0
5887 470 0 0
0 0 0 0
0 0 0 0
0 0 0 0
0 0 0 0
19435 470 0 0
0 0 0 0
0 0 0 0
0 0 0 0
0 0 0 0
6477 470 0 0
0 0 0 0
0 0 0 0
0 0 0 0
0 0 0 0
22379 470 0 0
0 0 0 0
0 0 0 0
0 0 0 0
0 0 0 0
24495 470 0 0
0 0 0 0
0 0 0 0
0 0 0 0
0 0 0 0
2647 470 0 0
0 0 0 0
0 0 0 0
0 0 0 0
0 0 0 0
17641 470 0 0
0 0 0 0
0 0 0 0
0 0 0 0
0 0 0 0
5708 470 0 0
0 0 0 0
0 0 0 0
0 0 0 0
0 0 0 0
30683 470 0 0
0 0 0 0
0 0 0 0
0 0 0 0
0 0 0 0
6851 470 0 0
0 0 0 0
0 0 0 0
0 0 0 0
0 0 0 0
3984 470 0 0
0 0 0 0
0 0 0 0
0 0 0 0
0 0 0 0
25020 470 0 0
0 0 0 0
0 0 0 0
0 0 0 0
0 0 0 0
9099 470 0 0
0 0 0 0
0 0 0 0
0 0 0 0
0 0 0 0
11949 470 0 0
0 0 0 0
0 0 0 0
0 0 0 0
0 0 0 0
5200 470 0 0
0 0 0 0
0 0 0 0
0 0 0 0
0 0 0 0
27564 470 0 0
0 0 0 0
0 0 0 0
0 0 0 0
0 0 0 0
28720 470 0 0
0 0 0 0
0 0 0 0
0 0 0 0
0 0 0 0
16601 470 0 0
0 0 0 0
0 0 0 0
0 0 0 0
0 0 0 0
8280 470 0 0
0 0 0 0
0 0 0 0
0 0 0 0
0 0 0 0
25104 470 0 0
0 0 0 0
0 0 0 0
0 0 0 0
0 0 0 0
18971 470 0 0
0 0 0 0
0 0 0 0
0 0 0 0
0 0 0 0
7887 470 0 0
0 0 0 0
0 0 0 0
0 0 0 0
0 0 0 0
4221 470 0 0
0 0 0 0
0 0 0 0
0 0 0 0
0 0 0 0
17645 470 0 0
0 0 0 0
0 0 0 0
0 0 0 0
0 0 0 0
8707 470 0 0
0 0 0 0
0 0 0 0
0 0 0 0
0 0 0 0
346 -1000 1 1
0 0 0 0
0 0 0 0
0 0 0 0
0 0 0 0
16056 470 0 0
0 0 0 0
0 0 0 0
0 0 0 0
0 0 0 0
12579 470 0 0
0 0 0 0
0 0 0 0
0 0 0 0
0 0 0 0
8833 470 0 0
0 0 0 0
0 0 0 0
0 0 0 0
0 0 0 0
15112 470 0 0
0 0 0 0
0 0 0 0
0 0 0 0
0 0 0 0
17245 470 0 0
0 0 0 0
0 0 0 0
0 0 0 0
0 0 0 0
16208 470 0 0
0 0 0 0
0 0 0 0
0 0 0 0
0 0 0 0
30101 470 0 0
0 0 0 0
0 0 0 0
0 0 0 0
0 0 0 0
26542 470 0 0
0 0 0 0
0 0 0 0
0 0 0 0
0 0 0 0
12290 470 0 0
0 0 0 0
0 0 0 0
0 0 0 0
0 0 0 0
6127 470 0 0
0 0 0 0
0 0 0 0
0 0 0 0
0 0 0 0
6688 470 0 0
0 0 0 0
0 0 0 0
0 0 0 0
0 0 0 0
16355 470 0 0
0 0 0 0
0 0 0 0
0 0 0 0
0 0 0 0
21046 470 0 0
0 0 0 0
0 0 0 0
0 0 0 0
0 0 0 0
7050 470 0 0
0 0 0 0
0 0 0 0
0 0 0 0
0 0 0 0
18794 470 0 0
0 0 0 0
0 0 0 0
0 0 0 0
0 0 0 0
28034 470 0 0
0 0 0 0
0 0 0 0
0 0 0 0
0 0 0 0
15305 470 0 0
0 0 0 0
0 0 0 0
0 0 0 0
0 0 0 0
17255 470 0 0
0 0 0 0
0 0 0 0
0 0 0 0
0 0 0 0
27803 470 0 0
0 0 0 0
0 0 0 0
0 0 0 0
0 0 0 0
30251 470 0 0
0 0 0 0
0 0 0 0
0 0 0 0
0 0 0 0
21224 470 0 0
0 0 0 0
0 0 0 0
0 0 0 0
0 0 0 0
16495 470 0 0
0 0 0 0
0 0 0 0
0 0 0 0
0 0 0 0
8772 470 0 0
0 0 0 0
0 0 0 0
0 0 0 0
0 0 0 0
13505 470 0 0
0 0 0 0
0 0 0 0
0 0 0 0
0 0 0 0
23521 470 0 0
0 0 0 0
0 0 0 0
0 0 0 0
0 0 0 0
8671 470 0 0
0 0 0 0
0 0 0 0
0 0 0 0
0 0 0 0
21462 470 0 0
0 0 0 0
0 0 0 0
0 0 0 0
0 0 0 0
25323 470 0 0
0 0 0 0
0 0 0 0
0 0 0 0
0 0 0 0
22187 470 0 0
0 0 0 0
0 0 0 0
0 0 0 0
0 0 0 0
16793 470 0 0
0 0 0 0
0 0 0 0
0 0 0 0
0 0 0 0
23336 470 0 0
0 0 0 0
0 0 0 0
0 0 0 0
0 0 0 0
12950 470 0 0
0 0 0 0
0 0 0 0
0 0 0 0
0 0 0 0
27741 470 0 0
0 0 0 0
0 0 0 0
0 0 0 0
0 0 0 0
14393 470 0 0
0 0 0 0
0 0 0 0
0 0 0 0
0 0 0 0
14323 470 0 0
0 0 0 0
0 0 0 0
0 0 0 0
0 0 0 0
30575 470 0 0
0 0 0 0
0 0 0 0
0 0 0 0
0 0 0 0
27828 470 0 0
0 0 0 0
0 0 0 0
0 0 0 0
0 0 0 0
19170 470 0 0
0 0 0 0
0 0 0 0
0 0 0 0
0 0 0 0
21847 470 0 0
0 0 0 0
0 0 0 0
0 0 0 0
0 0 0 0
